0.945946
0.941176
0.918919
0.916667
0.916667
0.914286
0.914286
0.911765
0.891892
0.885714
0.885714
0.882353
0.882353
0.864865
0.864865
0.864865
0.861111
0.861111
0.857143
0.857143
0.857143
0.852941
0.852941
0.852941
0.852941
0.833333
0.828571
0.823529
0.823529
0.800000
0.800000
0.800000
0.794118
0.794118
0.794118
0.777778
0.777778
0.777778
0.771429
0.771429
0.756757
0.750000
0.750000
0.750000
0.737864
0.729730
0.722222
0.714286
0.714286
0.714286
0.714286
0.714286
0.705882
0.705882
0.702703
0.694444
0.694444
0.689320
0.685714
0.685714
0.685714
0.685714
0.685714
0.676471
0.676471
0.675676
0.675676
0.657143
0.657143
0.657143
0.653846
0.648649
0.647059
0.647059
0.638889
0.638889
0.628571
0.628571
0.628571
0.628571
0.628571
0.628571
0.621622
0.617647
0.611111
0.611111
0.611111
0.609524
0.600000
0.600000
0.600000
0.594595
0.588235
0.583333
0.571429
0.571429
0.571429
0.571429
0.571429
0.558824
0.558824
0.558824
0.558824
0.555556
0.543689
0.542857
0.542857
0.542857
0.529412
0.529412
0.527778
0.527778
0.514286
0.514286
0.514286
0.514286
0.500000
0.500000
0.500000
0.500000
0.500000
0.486486
0.485714
0.485714
0.485714
0.485714
0.472222
0.470588
0.470588
0.457143
0.457143
0.457143
0.444444
0.441176
0.441176
0.441176
0.432432
0.432432
0.432432
0.428571
0.428571
0.428571
0.428571
0.428571
0.416667
0.416667
0.411765
0.411765
0.411765
0.400000
0.400000
0.400000
0.388889
0.388889
0.388889
0.388889
0.382353
0.382353
0.382353
0.382353
0.371429
0.371429
0.371429
0.371429
0.371429
0.361111
0.361111
0.361111
0.352941
0.352941
0.352941
0.352941
0.352941
0.352941
0.342857
0.342857
0.342857
0.342857
0.342857
0.342857
0.342857
0.342857
0.342857
0.342857
0.333333
0.333333
0.333333
0.333333
0.333333
0.324324
0.324324
0.323529
0.323529
0.323529
0.323529
0.323529
0.314286
0.314286
0.314286
0.314286
0.305556
0.305556
0.305556
0.305556
0.297297
0.294118
0.294118
0.294118
0.294118
0.294118
0.289474
0.285714
0.285714
0.285714
0.285714
0.285714
0.277778
0.277778
0.277778
0.270270
0.264706
0.264706
0.264706
0.264706
0.264706
0.264706
0.264706
0.264706
0.264706
0.257143
0.257143
0.257143
0.257143
0.257143
0.257143
0.257143
0.257143
0.257143
0.257143
0.257143
0.250000
0.250000
0.250000
0.250000
0.250000
0.235294
0.235294
0.235294
0.235294
0.235294
0.235294
0.235294
0.235294
0.228571
0.228571
0.228571
0.228571
0.228571
0.228571
0.228571
0.228571
0.228571
0.228571
0.228571
0.228571
0.228571
0.228571
0.222222
0.222222
0.222222
0.222222
0.222222
0.222222
0.222222
0.222222
0.222222
0.222222
0.222222
0.222222
0.216216
0.205882
0.205882
0.205882
0.205882
0.205882
0.205882
0.205882
0.205882
0.205882
0.205882
0.205882
0.205882
0.205882
0.205882
0.200000
0.200000
0.200000
0.200000
0.200000
0.200000
0.200000
0.200000
0.200000
0.200000
0.200000
0.200000
0.200000
0.200000
0.200000
0.200000
0.200000
0.200000
0.194444
0.194444
0.194444
0.194444
0.194444
0.194444
0.189189
0.189189
0.189189
0.189189
0.176471
0.176471
0.176471
0.176471
0.176471
0.176471
0.176471
0.176471
0.176471
0.176471
0.176471
0.176471
0.176471
0.176471
0.171429
0.171429
0.171429
0.171429
0.171429
0.171429
0.171429
0.171429
0.171429
0.171429
0.171429
0.171429
0.171429
0.171429
0.171429
0.171429
0.171429
0.166667
0.166667
0.166667
0.166667
0.166667
0.166667
0.166667
0.166667
0.166667
0.166667
0.166667
0.166667
0.166667
0.166667
0.166667
0.166667
0.166667
0.166667
0.162162
0.162162
0.162162
0.147059
0.147059
0.147059
0.147059
0.147059
0.147059
0.147059
0.147059
0.147059
0.147059
0.147059
0.147059
0.147059
0.147059
0.147059
0.147059
0.147059
0.147059
0.147059
0.147059
0.147059
0.147059
0.147059
0.147059
0.147059
0.147059
0.147059
0.147059
0.147059
0.147059
0.147059
0.147059
0.147059
0.147059
0.142857
0.142857
0.142857
0.142857
0.142857
0.142857
0.142857
0.142857
0.142857
0.142857
0.142857
0.142857
0.142857
0.142857
0.142857
0.142857
0.142857
0.142857
0.142857
0.142857
0.142857
0.142857
0.142857
0.142857
0.142857
0.142857
0.142857
0.142857
0.142857
0.138889
0.138889
0.138889
0.138889
0.138889
0.138889
0.138889
0.138889
0.138889
0.138889
0.138889
0.138889
0.138889
0.138889
0.138889
0.138889
0.138889
0.138889
0.135135
0.135135
0.117647
0.117647
0.117647
0.117647
0.117647
0.117647
0.117647
0.117647
0.117647
0.117647
0.117647
0.117647
0.117647
0.117647
0.117647
0.117647
0.117647
0.117647
0.117647
0.117647
0.117647
0.117647
0.117647
0.117647
0.117647
0.117647
0.117647
0.117647
0.117647
0.117647
0.117647
0.117647
0.117647
0.117647
0.117647
0.117647
0.117647
0.114286
0.114286
0.114286
0.114286
0.114286
0.114286
0.114286
0.114286
0.114286
0.114286
0.114286
0.114286
0.114286
0.114286
0.114286
0.114286
0.114286
0.114286
0.114286
0.114286
0.114286
0.114286
0.114286
0.114286
0.114286
0.114286
0.114286
0.114286
0.114286
0.114286
0.114286
0.114286
0.114286
0.114286
0.114286
0.114286
0.114286
0.114286
0.114286
0.114286
0.114286
0.114286
0.114286
0.114286
0.114286
0.114286
0.114286
0.111111
0.111111
0.111111
0.111111
0.111111
0.111111
0.111111
0.111111
0.111111
0.111111
0.111111
0.111111
0.111111
0.111111
0.111111
0.111111
0.111111
0.111111
0.111111
0.111111
0.111111
0.111111
0.111111
0.111111
0.111111
0.111111
0.108108
0.108108
0.108108
0.088235
0.088235
0.088235
0.088235
0.088235
0.088235
0.088235
0.088235
0.088235
0.088235
0.088235
0.088235
0.088235
0.088235
0.088235
0.088235
0.088235
0.088235
0.088235
0.088235
0.088235
0.088235
0.088235
0.088235
0.088235
0.088235
0.088235
0.088235
0.088235
0.088235
0.088235
0.088235
0.088235
0.088235
0.088235
0.088235
0.088235
0.088235
0.088235
0.088235
0.088235
0.088235
0.088235
0.088235
0.088235
0.088235
0.088235
0.088235
0.088235
0.088235
0.088235
0.088235
0.088235
0.088235
0.088235
0.088235
0.088235
0.088235
0.088235
0.088235
0.088235
0.085714
0.085714
0.085714
0.085714
0.085714
0.085714
0.085714
0.085714
0.085714
0.085714
0.085714
0.085714
0.085714
0.085714
0.085714
0.085714
0.085714
0.085714
0.085714
0.085714
0.085714
0.085714
0.085714
0.085714
0.085714
0.085714
0.085714
0.085714
0.085714
0.085714
0.085714
0.085714
0.085714
0.085714
0.085714
0.085714
0.085714
0.085714
0.085714
0.085714
0.085714
0.085714
0.085714
0.085714
0.085714
0.085714
0.085714
0.085714
0.085714
0.085714
0.085714
0.085714
0.085714
0.085714
0.085714
0.085714
0.085714
0.085714
0.085714
0.085714
0.085714
0.085714
0.085714
0.085714
0.085714
0.085714
0.085714
0.085714
0.085714
0.085714
0.085714
0.085714
0.085714
0.085714
0.083333
0.083333
0.083333
0.083333
0.083333
0.083333
0.083333
0.083333
0.083333
0.083333
0.083333
0.083333
0.083333
0.083333
0.083333
0.083333
0.083333
0.083333
0.083333
0.083333
0.083333
0.083333
0.083333
0.083333
0.083333
0.081081
0.081081
0.081081
0.081081
0.058824
0.058824
0.058824
0.058824
0.058824
0.058824
0.058824
0.058824
0.058824
0.058824
0.058824
0.058824
0.058824
0.058824
0.058824
0.058824
0.058824
0.058824
0.058824
0.058824
0.058824
0.058824
0.058824
0.058824
0.058824
0.058824
0.058824
0.058824
0.058824
0.058824
0.058824
0.058824
0.058824
0.058824
0.058824
0.058824
0.058824
0.058824
0.058824
0.058824
0.058824
0.058824
0.058824
0.058824
0.058824
0.058824
0.058824
0.058824
0.058824
0.058824
0.058824
0.058824
0.058824
0.058824
0.058824
0.058824
0.058824
0.058824
0.058824
0.058824
0.058824
0.058824
0.057143
0.057143
0.057143
0.057143
0.057143
0.057143
0.057143
0.057143
0.057143
0.057143
0.057143
0.057143
0.057143
0.057143
0.057143
0.057143
0.057143
0.057143
0.057143
0.057143
0.057143
0.057143
0.057143
0.057143
0.057143
0.057143
0.057143
0.057143
0.057143
0.057143
0.057143
0.057143
0.057143
0.057143
0.057143
0.057143
0.057143
0.057143
0.057143
0.057143
0.057143
0.057143
0.057143
0.057143
0.057143
0.057143
0.057143
0.057143
0.057143
0.057143
0.057143
0.057143
0.057143
0.057143
0.057143
0.057143
0.057143
0.057143
0.057143
0.057143
0.057143
0.057143
0.057143
0.057143
0.057143
0.057143
0.057143
0.057143
0.057143
0.057143
0.057143
0.057143
0.057143
0.057143
0.055556
0.055556
0.055556
0.055556
0.055556
0.055556
0.055556
0.055556
0.055556
0.055556
0.055556
0.055556
0.055556
0.055556
0.055556
0.055556
0.055556
0.055556
0.055556
0.055556
0.055556
0.055556
0.055556
0.055556
0.055556
0.055556
0.055556
0.055556
0.055556
0.055556
0.055556
0.055556
0.054054
0.054054
0.054054
0.029412
0.029412
0.029412
0.029412
0.029412
0.029412
0.029412
0.029412
0.029412
0.029412
0.029412
0.029412
0.029412
0.029412
0.029412
0.029412
0.029412
0.029412
0.029412
0.029412
0.029412
0.029412
0.029412
0.029412
0.029412
0.029412
0.029412
0.029412
0.029412
0.029412
0.029412
0.029412
0.029412
0.029412
0.029412
0.029412
0.029412
0.029412
0.029412
0.029412
0.029412
0.029412
0.029412
0.029412
0.029412
0.029412
0.029412
0.029412
0.029412
0.029412
0.029412
0.029412
0.029412
0.029412
0.029412
0.029412
0.029412
0.029412
0.029412
0.029412
0.029412
0.029412
0.029412
0.029412
0.029412
0.029412
0.029412
0.029412
0.029412
0.029412
0.029412
0.029412
0.029412
0.029412
0.029412
0.028571
0.028571
0.028571
0.028571
0.028571
0.028571
0.028571
0.028571
0.028571
0.028571
0.028571
0.028571
0.028571
0.028571
0.028571
0.028571
0.028571
0.028571
0.028571
0.028571
0.028571
0.028571
0.028571
0.028571
0.028571
0.028571
0.028571
0.028571
0.028571
0.028571
0.028571
0.028571
0.028571
0.028571
0.028571
0.028571
0.028571
0.028571
0.028571
0.028571
0.028571
0.028571
0.028571
0.028571
0.028571
0.028571
0.028571
0.028571
0.028571
0.028571
0.028571
0.028571
0.028571
0.028571
0.028571
0.028571
0.028571
0.028571
0.028571
0.028571
0.028571
0.028571
0.028571
0.028571
0.028571
0.028571
0.028571
0.028571
0.028571
0.028571
0.028571
0.028571
0.028571
0.028571
0.028571
0.027778
0.027778
0.027778
0.027778
0.027778
0.027778
0.027778
0.027778
0.027778
0.027778
0.027778
0.027778
0.027778
0.027778
0.027778
0.027778
0.027778
0.027778
0.027778
0.027778
0.027778
0.027778
0.027778
0.027778
0.027778
0.027778
0.027778
0.027778
0.027027
0.000000
0.000000
0.000000
0.000000
0.000000
0.000000
0.000000
0.000000
0.000000
0.000000
0.000000
0.000000
0.000000
0.000000
0.000000
0.000000
0.000000
0.000000
0.000000
0.000000
0.000000
0.000000
0.000000
0.000000
0.000000
0.000000
0.000000
0.000000
0.000000
0.000000
0.000000
0.000000
0.000000
0.000000
0.000000
0.000000
0.000000
0.000000
0.000000
0.000000
0.000000
0.000000
0.000000
0.000000
0.000000
0.000000
0.000000
0.000000
0.000000
0.000000
0.000000
0.000000
0.000000
0.000000
0.000000
0.000000
0.000000
0.000000
0.000000
0.000000
0.000000
0.000000
0.000000
0.000000
0.000000
0.000000
0.000000
0.000000
0.000000
0.000000
0.000000
0.000000
0.000000
0.000000
0.000000
0.000000
0.000000
0.000000
0.000000
0.000000
0.000000
0.000000
0.000000
0.000000
0.000000
0.000000
0.000000
0.000000
0.000000
0.000000
0.000000
0.000000
0.000000
0.000000
0.000000
0.000000
0.000000
0.000000
0.000000
0.000000
0.000000
0.000000
0.000000
0.000000
0.000000
0.000000
0.000000
0.000000
0.000000
0.000000
0.000000
0.000000
0.000000
0.000000
0.000000
0.000000
0.000000
0.000000
0.000000
0.000000
0.000000
0.000000
0.000000
0.000000
0.000000
0.000000
0.000000
0.000000
0.000000
0.000000
0.000000
0.000000
0.000000
0.000000
0.000000
0.000000
0.000000
0.000000
0.000000
0.000000
0.000000
0.000000
0.000000
0.000000
0.000000
0.000000
0.000000
0.000000
0.000000
0.000000
0.000000
0.000000
0.000000
0.000000
0.000000
0.000000
0.000000
0.000000
0.000000
0.000000
0.000000
0.000000
0.000000
0.000000
0.000000
0.000000
0.000000
0.000000
0.000000
0.000000
0.000000
0.000000
0.000000
0.000000
0.000000
0.000000
0.000000
0.000000
0.000000
0.000000
0.000000
0.000000
0.000000
0.000000
0.000000
0.000000
0.000000
0.000000
0.000000
0.000000
0.000000
0.000000
0.000000
0.000000
0.000000
0.000000
0.000000
0.000000
0.000000
0.000000
0.000000
0.000000
0.000000
0.000000
0.000000
0.000000
0.000000
0.000000
0.000000
0.000000
