0.698732
0.632004
0.571686
0.572127
0.440975
0.572082
0.670159
0.644793
0.671426
0.667170
0.538332
0.568715
0.672545
0.552757
0.598476
0.675468
0.589114
0.676645
0.560683
0.720870
0.512086
0.575437
0.519389
0.682010
0.663050
0.466899
0.682531
0.503123
0.632396
0.593146
0.547743
0.672767
0.620531
0.575799
0.540004
0.694711
0.650931
0.428528
0.666417
0.668566
0.563691
0.527837
0.583975
0.480199
0.574374
0.556131
0.496815
0.557282
0.424629
0.349879
0.619153
0.672416
0.580985
0.493554
0.517763
0.680252
0.527283
0.565234
0.586168
0.538955
0.460466
0.532910
0.529554
0.664233
0.521458
0.585431
0.626708
0.630527
0.468961
0.559603
0.658766
0.557740
0.536991
0.557959
0.560992
0.528465
0.490918
0.580035
0.555154
0.689696
0.540171
0.529101
0.530627
0.557366
0.555381
0.509831
0.537928
0.695650
0.573046
0.614769
0.470691
0.630673
0.498782
0.548787
0.460012
0.449612
0.526132
0.734577
0.447722
0.506865
0.572651
0.576172
0.422370
0.742396
0.572088
0.469722
0.537366
0.622367
0.544317
0.627433
0.391644
0.450253
0.585005
0.608710
0.453560
0.621808
0.630436
0.479119
0.638853
0.419730
0.726910
0.449510
0.459886
0.592947
0.695969
0.534728
0.399439
0.609577
0.560952
0.687164
0.426842
0.635035
0.525676
0.510943
0.471006
0.566742
0.527505
0.588620
0.441805
0.543726
0.417049
0.442475
0.471335
0.516294
0.573684
0.467953
0.575246
0.545190
0.447415
0.573608
0.547106
0.485475
0.439559
0.531663
0.486651
0.727738
0.343615
0.641933
0.707546
0.516400
0.525663
0.620317
0.402102
0.422876
0.575907
0.488082
0.408524
0.510579
0.469219
0.472824
0.512948
0.424007
0.550076
0.521449
0.457715
0.516118
0.620045
0.411624
0.408702
0.406732
0.546984
0.509849
0.489559
0.625114
0.529858
0.536752
0.579697
0.512271
0.470062
0.555595
0.571957
0.465356
0.609547
0.519183
0.479521
0.449383
0.473858
0.563896
0.707884
0.541691
0.413883
0.409354
0.425331
0.568708
0.637448
0.640344
0.651572
0.544846
0.577549
0.550911
0.477408
0.566363
0.333745
0.445335
0.570262
0.537221
0.577710
0.601754
0.430317
0.462616
0.463741
0.698415
0.451937
0.685654
0.594239
0.561485
0.679071
0.584516
0.458029
0.459045
0.705048
0.483354
0.472272
0.679956
0.615169
0.694857
0.624527
0.556085
0.697999
0.681940
0.611752
0.591916
0.682386
0.580868
0.497372
0.463710
0.455373
0.660917
0.470972
0.668913
0.577456
0.614633
0.663065
0.603242
0.559577
0.549262
0.470561
0.660840
0.744025
0.595631
0.593939
0.377998
0.655579
0.657978
0.695809
0.614783
0.478469
0.455284
0.551522
0.634331
0.576452
0.645281
0.590684
0.653632
0.589686
0.686329
0.590762
0.515728
0.680289
0.709423
0.465868
0.416609
0.333461
0.530397
0.643091
0.598311
0.618777
0.417886
0.687631
0.692819
0.515391
0.404036
0.602892
0.687659
0.527992
0.637914
0.638826
0.604037
0.450722
0.539533
0.535620
0.549306
0.564672
0.454099
0.677749
0.581403
0.668036
0.420851
0.572841
0.453516
0.495254
0.399353
0.477902
0.741798
0.659818
0.507447
0.592290
0.336569
0.567510
0.604114
0.617631
0.686308
0.453937
0.615192
0.615076
0.507345
0.628168
0.490170
0.712245
0.484120
0.346260
0.695658
0.636237
0.708725
0.415992
0.562417
0.724835
0.627086
0.544971
0.626224
0.668066
0.581517
0.530475
0.553007
0.663758
0.643556
0.581781
0.512052
0.630764
0.647497
0.610044
0.394879
0.458288
0.716907
0.600374
0.669502
0.431334
0.724379
0.596902
0.657639
0.650762
0.415338
0.695316
0.484146
0.704053
0.706586
0.629394
0.607425
0.669060
0.462662
0.563852
0.665894
0.691094
0.595662
0.587533
0.543203
0.519076
0.323030
0.615697
0.580318
0.389845
0.545816
0.396215
0.704486
0.691801
0.553741
0.584802
0.679524
0.639671
0.695590
0.457022
0.570029
0.542706
0.588903
0.658415
0.666260
0.714502
0.639510
0.667453
0.720328
0.566741
0.402340
0.683290
0.488797
0.595748
0.577359
0.551742
0.512173
0.410860
0.650723
0.670904
0.709428
0.570623
0.613659
0.668992
0.544262
0.573723
0.523949
0.629641
0.634441
0.494633
0.256110
0.646209
0.626000
0.619630
0.699973
0.477776
0.544727
0.583570
0.659512
0.659783
0.515837
0.638920
0.608661
0.564895
0.679256
0.681687
0.715975
0.545030
0.580429
0.554713
0.719934
0.460156
0.684422
0.644130
0.671694
0.595059
0.735108
0.440646
0.645970
0.680282
0.698118
0.735682
0.558501
0.431874
0.698220
0.332840
0.632482
0.696539
0.691232
0.653165
0.582552
0.630257
0.721314
0.458613
0.657142
0.696634
0.591430
0.569389
0.650624
0.580774
0.452712
0.515072
0.614913
0.608861
0.699918
0.668628
0.626807
0.656296
0.681089
0.692752
0.358480
0.518080
0.563760
0.751118
0.720057
0.690593
0.660022
0.544091
0.619215
0.543624
0.613490
0.549281
0.698824
0.470897
0.462292
0.573507
0.512758
0.481524
0.657393
0.624063
0.487957
0.560163
0.479418
0.633961
0.610017
0.709394
0.627146
0.568395
0.662962
0.690313
0.257129
0.609666
0.652942
0.631256
0.440901
0.609696
0.592895
0.648315
0.652215
0.571835
0.639957
0.564566
0.630133
0.513867
0.654719
0.678326
0.668907
0.724492
0.600340
0.583791
0.692981
0.329088
0.700037
0.564672
0.598969
0.645889
0.555559
0.707689
0.563964
0.665437
0.578620
0.708483
0.710925
0.587590
0.646774
0.676757
0.603296
0.508421
0.425645
0.465080
0.649148
0.592720
0.598874
0.717908
0.648477
0.635903
0.615174
0.610392
0.668133
0.640415
0.572332
0.601770
0.506818
0.450703
0.700810
0.593215
0.675653
0.745787
0.719333
0.727071
0.541032
0.563890
0.481792
0.574433
0.508814
0.554133
0.646868
0.586866
0.611601
0.657865
0.678904
0.427073
0.267731
0.702842
0.634195
0.584778
0.607700
0.303262
0.663454
0.422786
0.561257
0.676797
0.469044
0.499373
0.590652
0.652233
0.716356
0.684278
0.669190
0.728904
0.442394
0.665610
0.504685
0.569735
0.648287
0.558247
0.648974
0.604003
0.604450
0.627395
0.598497
0.489707
0.554200
0.608374
0.672923
0.690412
0.440235
0.601786
0.666701
0.548602
0.679017
0.640968
0.572608
0.602510
0.562686
0.608238
0.594492
0.646306
0.635912
0.723740
0.258347
0.715736
0.462872
0.556952
0.618265
0.522190
0.646647
0.673963
0.644567
0.695952
0.394859
0.604401
0.535980
0.561043
0.698243
0.625888
0.485824
0.670565
0.611909
0.521609
0.656561
0.632925
0.619738
0.624577
0.391822
0.697195
0.485504
0.510431
0.715261
0.722853
0.550050
0.316240
0.636200
0.640071
0.715020
0.636659
0.638113
0.575634
0.604648
0.697842
0.598215
0.652477
0.637574
0.610181
0.664856
0.642164
0.617604
0.567261
0.693400
0.574752
0.660291
0.681772
0.692250
0.643650
0.719094
0.740245
0.751365
0.488530
0.671711
0.455127
0.716728
0.393494
0.597815
0.645421
0.545972
0.666605
0.665160
0.755207
0.633461
0.533055
0.655660
0.672217
0.583607
0.536995
0.483031
0.499351
0.409246
0.626633
0.637437
0.636632
0.690857
0.632499
0.387873
0.570156
0.602421
0.555818
0.526330
0.558951
0.574998
0.708419
0.629051
0.454750
0.694979
0.552082
0.593237
0.650500
0.611557
0.576892
0.594381
0.654545
0.690599
0.510687
0.652042
0.717906
0.715639
0.391319
0.196866
0.274665
0.468789
0.646971
0.590382
0.567102
0.578947
0.691734
0.695896
0.640901
0.554399
0.532190
0.640588
0.641642
0.676100
0.578016
0.426444
0.654344
0.596044
0.484395
0.567889
0.722917
0.515519
0.505326
0.505511
0.667369
0.644504
0.518040
0.655820
0.648793
0.443055
0.719815
0.566330
0.680497
0.559698
0.546647
0.646044
0.658685
0.644018
0.654104
0.752671
0.515852
0.665916
0.590373
0.683432
0.652053
0.575370
0.589762
0.596981
0.571603
0.656597
0.634992
0.497676
0.555004
0.476350
0.724084
0.705440
0.618343
0.603000
0.680541
0.625889
0.528695
0.643935
0.567785
0.474221
0.663247
0.551670
0.643423
0.587567
0.489026
0.631845
0.640379
0.484080
0.541477
0.639023
0.702243
0.710027
0.524698
0.612446
0.715944
0.574924
0.585626
0.619996
0.538059
0.726084
0.625753
0.620807
0.556709
0.752035
0.682416
0.730389
0.505996
0.526882
0.520270
0.634464
0.615070
0.672382
0.409326
0.503335
0.592285
0.537489
0.700281
0.571800
0.625267
0.599776
0.628777
0.574728
0.568460
0.606742
0.581136
0.585295
0.664487
0.721791
0.647438
0.688077
0.529526
0.562266
0.545360
0.666819
0.616998
0.714751
0.503828
0.595421
0.614682
0.440645
0.638600
0.564972
0.613392
0.547296
0.604589
0.607898
0.517482
0.701986
0.727528
0.589704
0.366036
0.679769
0.355964
0.522346
0.615534
0.657552
0.433088
0.713905
0.672244
0.602505
0.573898
0.691102
0.564398
0.617330
0.599086
0.649938
0.543332
0.607824
0.697192
0.613710
0.666770
0.667898
0.414225
0.607986
0.668933
0.683646
0.652151
0.556449
0.564598
0.631586
0.316825
0.665680
0.662714
0.718436
0.506976
0.677385
0.535050
0.625578
0.681522
0.533313
0.601866
0.686874
0.571757
0.664912
0.680187
0.574472
0.688954
0.651367
0.656705
0.484783
0.543967
0.532783
0.605754
0.704021
0.650246
0.589643
0.659851
0.680282
0.706837
0.499075
0.505805
0.727743
0.705621
0.651860
0.590884
0.649920
0.607806
0.644362
0.715990
0.670909
0.636637
0.487623
0.692390
0.663134
0.609336
0.643736
0.623111
0.588234
0.589345
0.471239
0.470660
0.494477
0.686659
0.556228
0.563726
0.667236
0.718413
0.694027
0.750574
0.642791
0.645947
0.714461
0.728595
0.751657
0.758099
0.748731
0.721618
0.557362
0.675667
0.469886
0.595470
0.665400
0.666030
0.644271
0.742381
0.601751
0.714080
0.613579
0.635017
0.589429
0.375913
0.662041
0.506121
0.369561
0.561094
0.557543
0.448304
0.615913
0.629318
0.485536
0.705892
0.688585
0.552881
0.681232
0.752099
0.427562
0.661931
0.673820
0.665074
0.692354
0.636991
0.551476
0.557368
0.480339
0.706187
0.627723
0.717037
0.640254
0.636848
0.642579
0.636255
0.636039
0.572401
0.668193
0.696720
0.646781
0.620743
0.568221
0.602606
0.644982
0.556663
0.686871
0.599454
0.639285
0.488657
0.686521
0.594221
0.657631
0.554969
0.618600
0.707864
0.668390
0.687257
0.667785
0.752293
0.657205
0.478469
0.575678
0.642412
0.608823
0.520045
0.605301
0.636919
0.553379
0.534016
0.688861
0.577945
0.575535
0.637881
0.632720
0.530088
0.521284
0.516584
0.546883
0.654106
0.749231
0.710272
0.618166
0.503207
0.718574
0.583838
0.598508
0.597358
0.709610
0.627448
0.571957
0.690392
0.484117
0.598337
0.536334
0.667150
0.662058
0.724390
0.758940
0.682761
0.580435
0.635072
0.588673
0.695108
0.472378
0.515928
0.710726
0.545437
0.578077
0.468900
0.622851
0.678585
0.578978
0.632441
0.679761
0.551280
0.579929
0.717516
0.622080
0.628447
0.679268
0.635693
0.653743
0.610339
0.601421
0.567772
0.647259
0.462139
0.685845
0.715750
0.723961
0.596924
0.673532
0.718711
0.716354
0.727625
0.726976
0.727615
0.635844
0.560788
0.544827
0.605437
0.698798
0.589157
0.579642
0.693634
0.587625
0.537223
0.527396
0.513002
0.600028
0.578594
0.600336
0.582098
0.485351
0.554478
0.695952
0.717182
0.552331
0.710478
0.611954
0.516954
0.388292
0.469933
0.321951
0.443644
0.721894
0.696439
0.705039
0.672404
0.599787
0.608450
0.615157
0.676080
0.636630
0.636209
0.638527
0.588136
0.571570
0.664820
0.530804
0.578582
0.558634
0.643639
0.666088
0.693801
0.579924
0.616084
0.714025
0.696527
0.682419
0.723071
0.724726
0.724504
0.741112
0.723502
0.715246
0.753198
0.645708
0.727858
0.508887
0.564634
0.470754
0.564929
0.501438
0.604744
0.557705
0.578198
0.562669
0.555586
0.628669
0.572221
0.611053
0.570914
0.645452
0.581412
0.734548
0.686688
0.665837
0.649336
0.540789
0.652727
0.684320
0.715503
0.558714
0.583964
0.631691
0.561757
0.397459
0.609614
0.570878
0.597523
0.567738
0.617928
0.684436
0.690339
0.670873
0.588084
0.627401
0.516955
0.505720
0.406862
0.513421
0.668226
0.471076
0.496446
0.640514
0.559041
0.465196
0.667803
0.716503
0.635430
0.711950
0.509952
0.635348
0.590655
0.624295
0.627553
0.609102
0.621254
0.672856
0.681144
0.598743
0.648473
0.668303
0.611011
0.592447
0.640290
0.666725
0.658055
0.649064
0.627520
0.631576
0.670010
0.477743
0.657720
0.651144
0.668333
0.670665
0.757143
0.721231
0.753926
0.758442
0.713649
0.690531
0.685897
0.720472
0.748568
0.718908
0.514031
0.643946
0.703017
0.585184
0.636595
0.666590
0.622237
0.687841
0.699452
0.650769
0.555395
0.643742
0.556935
0.607423
0.638185
0.705800
0.612983
0.599846
0.636623
0.613536
0.381580
0.516331
0.583788
0.633282
0.642008
0.679978
0.696262
0.659536
