0.738230
0.684150
0.658061
0.675029
0.627545
0.656644
0.716640
0.728407
0.718813
0.739800
0.694590
0.676838
0.714621
0.710920
0.687202
0.736847
0.637343
0.719045
0.694730
0.769317
0.664428
0.671144
0.529189
0.734933
0.705501
0.561081
0.726866
0.644444
0.715574
0.679330
0.699442
0.698339
0.597972
0.609051
0.671342
0.757249
0.721022
0.584590
0.721260
0.715246
0.681326
0.624525
0.734122
0.623226
0.676561
0.604973
0.591750
0.682845
0.451533
0.491019
0.760790
0.717075
0.688753
0.569866
0.637372
0.736582
0.520287
0.691499
0.443140
0.610814
0.553696
0.406284
0.547488
0.733330
0.639849
0.689869
0.570960
0.710047
0.400597
0.680933
0.731512
0.711661
0.655702
0.673064
0.664414
0.518300
0.599218
0.605107
0.592227
0.773769
0.677333
0.662672
0.523604
0.356200
0.714012
0.442249
0.690618
0.757968
0.681170
0.687516
0.406439
0.719038
0.625609
0.713359
0.513594
0.537801
0.514988
0.775671
0.454571
0.626638
0.631036
0.700614
0.574025
0.771817
0.684714
0.646962
0.688566
0.730039
0.359487
0.748511
0.214703
0.595473
0.720673
0.696959
0.466793
0.741201
0.757520
0.566796
0.751800
0.431624
0.781555
0.513066
0.362267
0.725442
0.708281
0.681775
0.360777
0.660714
0.518733
0.749506
0.456259
0.716425
0.633417
0.475684
0.660955
0.481908
0.601559
0.709246
0.425594
0.717712
0.502896
0.518994
0.623929
0.644278
0.682638
0.449851
0.595622
0.694342
0.615791
0.721098
0.712765
0.468546
0.466172
0.480336
0.676881
0.784717
0.178539
0.749375
0.781371
0.640518
0.650877
0.739181
0.468489
0.501329
0.722190
0.668323
0.562248
0.640612
0.648656
0.644609
0.680390
0.588063
0.609078
0.633906
0.634666
0.676955
0.733583
0.429042
0.356627
0.365373
0.598692
0.603047
0.654169
0.740857
0.223950
0.680326
0.675838
0.672703
0.641562
0.700545
0.647749
0.626833
0.721878
0.598923
0.594864
0.449517
0.651437
0.676918
0.785380
0.713556
0.524540
0.429826
0.400299
0.709973
0.716605
0.752046
0.779521
0.696320
0.732106
0.711994
0.645821
0.670353
0.184250
0.570700
0.706143
0.670645
0.702471
0.699062
0.612971
0.606474
0.459110
0.784204
0.409126
0.785943
0.750687
0.661567
0.786850
0.721699
0.413264
0.647670
0.693388
0.649401
0.650168
0.798237
0.762678
0.792380
0.769046
0.658775
0.767664
0.684504
0.732861
0.725499
0.780482
0.721416
0.676249
0.505860
0.660689
0.777822
0.611222
0.786123
0.699069
0.709549
0.780331
0.740015
0.711530
0.731256
0.647757
0.764198
0.812593
0.753226
0.748519
0.535915
0.778673
0.774252
0.791112
0.709652
0.559264
0.427605
0.722541
0.754436
0.714282
0.765796
0.737219
0.785988
0.758948
0.783026
0.740458
0.637365
0.784445
0.802526
0.624361
0.217818
0.292168
0.699791
0.765390
0.751159
0.751735
0.184112
0.791981
0.787274
0.684971
0.514300
0.731318
0.787765
0.701843
0.771657
0.772127
0.690335
0.152427
0.400664
0.668131
0.720798
0.725020
0.384403
0.785051
0.743981
0.778298
0.389292
0.713922
0.615657
0.310811
0.281295
0.643531
0.562392
0.742223
0.660836
0.719172
0.273539
0.670918
0.738643
0.742416
0.777150
0.608996
0.770427
0.770088
0.685525
0.770402
0.388002
0.773910
0.669296
0.494994
0.795747
0.731206
0.795126
0.574375
0.730070
0.810229
0.767932
0.659899
0.710863
0.761091
0.706161
0.701233
0.718930
0.776545
0.766091
0.746419
0.695672
0.768326
0.783280
0.746054
0.535218
0.340282
0.795806
0.749477
0.779322
0.157614
0.798179
0.757302
0.762225
0.770302
0.579302
0.786327
0.645340
0.801085
0.800342
0.767252
0.752074
0.776652
0.594030
0.704296
0.767555
0.788042
0.738508
0.746546
0.692408
0.706957
0.146536
0.717120
0.736489
0.147333
0.683734
0.493576
0.798972
0.793541
0.728893
0.734412
0.781637
0.762977
0.789675
0.561417
0.658123
0.562357
0.740884
0.775229
0.776102
0.555302
0.766807
0.777505
0.768228
0.737855
0.408425
0.781955
0.686040
0.750103
0.724881
0.718500
0.437303
0.152173
0.774368
0.781383
0.783549
0.714852
0.773057
0.779647
0.698963
0.725916
0.665853
0.741388
0.783806
0.682761
0.191208
0.758190
0.751760
0.744795
0.792495
0.668855
0.717907
0.749403
0.776097
0.774332
0.660554
0.769556
0.728972
0.737086
0.781371
0.765541
0.791020
0.720355
0.749290
0.711873
0.795361
0.623165
0.792637
0.778325
0.775733
0.757745
0.799650
0.563354
0.768553
0.781298
0.794043
0.804120
0.662013
0.572364
0.793406
0.332792
0.765541
0.790881
0.785955
0.785556
0.747721
0.754763
0.775433
0.360087
0.784189
0.792891
0.748044
0.714947
0.772743
0.710771
0.652113
0.689308
0.746247
0.764444
0.796422
0.768841
0.747247
0.758474
0.783753
0.787430
0.103717
0.693395
0.680351
0.653150
0.782121
0.779314
0.767713
0.728400
0.755250
0.686512
0.752050
0.724196
0.799514
0.667417
0.656543
0.716153
0.698746
0.665482
0.765870
0.782738
0.673031
0.709164
0.638524
0.775850
0.758714
0.793298
0.753539
0.728631
0.767036
0.764598
0.188083
0.755450
0.776364
0.776333
0.628483
0.753945
0.754210
0.776879
0.774793
0.730946
0.773300
0.709059
0.767475
0.705715
0.779215
0.786644
0.777146
0.779519
0.755709
0.750163
0.799027
0.291858
0.802627
0.724063
0.763938
0.768845
0.692050
0.790916
0.688664
0.755946
0.675003
0.797030
0.779623
0.675246
0.776024
0.776580
0.734337
0.701791
0.203906
0.663378
0.775577
0.760369
0.756469
0.793761
0.772346
0.750133
0.756107
0.761232
0.774445
0.746498
0.728049
0.752295
0.687686
0.629428
0.789512
0.726742
0.782092
0.786897
0.792788
0.808262
0.641361
0.727013
0.657443
0.712793
0.625440
0.229681
0.757020
0.752118
0.746108
0.775998
0.793510
0.587520
0.181822
0.796676
0.763526
0.739186
0.759512
0.120513
0.776484
0.551045
0.730387
0.781637
0.668740
0.649643
0.732091
0.765857
0.774950
0.788129
0.768239
0.772208
0.595950
0.767562
0.682222
0.730963
0.746160
0.712357
0.776688
0.751485
0.763809
0.766059
0.760712
0.612505
0.720816
0.744311
0.779290
0.789807
0.626608
0.754734
0.768018
0.709729
0.782696
0.767917
0.734370
0.749667
0.707044
0.718388
0.745550
0.767339
0.758837
0.802919
0.129137
0.789006
0.650219
0.731446
0.693794
0.665604
0.765765
0.781833
0.732263
0.789863
0.323095
0.765493
0.700991
0.718737
0.791446
0.760572
0.649329
0.770662
0.760052
0.702869
0.774654
0.760756
0.747205
0.770321
0.565036
0.792340
0.660688
0.662379
0.791241
0.791018
0.711973
0.298649
0.752116
0.770189
0.792347
0.751613
0.752522
0.715657
0.769264
0.792495
0.753819
0.754563
0.750828
0.772699
0.776072
0.770330
0.763758
0.741884
0.789180
0.713458
0.775852
0.787110
0.789577
0.767447
0.563726
0.768576
0.694333
0.653627
0.778569
0.351995
0.804106
0.469592
0.761661
0.782774
0.722643
0.777503
0.779648
0.815074
0.724467
0.692128
0.781453
0.780570
0.747209
0.706972
0.624472
0.671216
0.241772
0.742566
0.738442
0.742747
0.789171
0.762727
0.566184
0.741018
0.763548
0.649956
0.695655
0.713242
0.743529
0.797706
0.770201
0.627019
0.787299
0.721054
0.744159
0.774996
0.729558
0.663734
0.734677
0.762805
0.775220
0.687085
0.757784
0.790872
0.792992
0.559726
0.221778
0.441171
0.664008
0.776311
0.723649
0.694617
0.747919
0.789048
0.783829
0.760273
0.735776
0.672521
0.766575
0.764656
0.800221
0.721726
0.619174
0.772802
0.759061
0.665851
0.731678
0.786862
0.698199
0.688454
0.686923
0.777627
0.768680
0.699349
0.771805
0.757881
0.626114
0.802477
0.721809
0.775812
0.689101
0.679842
0.752473
0.777708
0.748022
0.784346
0.716597
0.706686
0.775492
0.707036
0.717731
0.769325
0.736676
0.743884
0.736318
0.735058
0.771440
0.768075
0.693696
0.719040
0.622691
0.773860
0.788156
0.763639
0.759375
0.784510
0.765402
0.705437
0.773944
0.733536
0.671934
0.770790
0.725422
0.774643
0.745932
0.638550
0.750624
0.772220
0.308026
0.709901
0.745306
0.789603
0.790817
0.702271
0.747045
0.802425
0.732657
0.729436
0.765983
0.663522
0.742680
0.757678
0.751242
0.725239
0.814745
0.784511
0.770337
0.687345
0.637001
0.681867
0.753894
0.749428
0.777379
0.567012
0.690298
0.738276
0.712017
0.789934
0.737617
0.754557
0.758295
0.778005
0.730766
0.709268
0.752741
0.735760
0.712446
0.781639
0.780030
0.766036
0.790022
0.712183
0.723043
0.707938
0.777107
0.762724
0.800581
0.673945
0.755631
0.767146
0.609920
0.768738
0.722720
0.759731
0.723794
0.734847
0.754195
0.658890
0.797427
0.811692
0.721745
0.214174
0.779329
0.159569
0.673019
0.771282
0.773844
0.615573
0.783526
0.772876
0.766158
0.738660
0.791953
0.730931
0.745356
0.752880
0.776064
0.704831
0.751781
0.786528
0.679562
0.777355
0.777395
0.261920
0.732344
0.779924
0.787454
0.765421
0.698546
0.728362
0.771341
0.203662
0.775950
0.759614
0.791377
0.700522
0.784781
0.713239
0.761353
0.775755
0.548961
0.740061
0.789877
0.704992
0.767728
0.772743
0.714802
0.785670
0.759821
0.771663
0.649002
0.633365
0.709401
0.757945
0.791181
0.778046
0.749301
0.774402
0.773414
0.797018
0.639214
0.660788
0.774928
0.768413
0.758036
0.749056
0.767109
0.751055
0.774384
0.800338
0.775974
0.751098
0.666937
0.794991
0.775418
0.772073
0.781012
0.761583
0.700844
0.750048
0.647784
0.646655
0.681684
0.787668
0.726687
0.718905
0.780166
0.775423
0.788681
0.670680
0.765036
0.765825
0.786244
0.784834
0.722412
0.718529
0.622520
0.774161
0.721301
0.773516
0.635122
0.763520
0.779061
0.779972
0.773800
0.806194
0.741894
0.800848
0.766962
0.777132
0.722903
0.564278
0.744708
0.636687
0.093349
0.726398
0.690282
0.625290
0.760829
0.741030
0.649426
0.793749
0.766443
0.693201
0.789335
0.813293
0.607639
0.779062
0.776539
0.786059
0.786972
0.762455
0.694883
0.721846
0.645817
0.765965
0.745378
0.798547
0.768156
0.752781
0.765705
0.752304
0.756089
0.741143
0.764611
0.797149
0.758615
0.740078
0.735836
0.765537
0.772448
0.722838
0.788907
0.753945
0.764308
0.637511
0.785942
0.747959
0.577088
0.720038
0.678450
0.792452
0.775240
0.782185
0.778523
0.718812
0.771380
0.490224
0.726368
0.752317
0.719772
0.683314
0.767931
0.764012
0.667813
0.701887
0.763965
0.742767
0.724960
0.765307
0.752670
0.704098
0.671699
0.708307
0.693756
0.781744
0.730101
0.795763
0.770935
0.667960
0.789451
0.755349
0.726341
0.724991
0.790976
0.764406
0.713750
0.785975
0.652590
0.753721
0.712105
0.778076
0.766891
0.787171
0.690380
0.783425
0.727986
0.757238
0.746540
0.794679
0.291971
0.694789
0.783897
0.651592
0.742737
0.647024
0.737818
0.778125
0.737893
0.758215
0.780818
0.703723
0.740157
0.769169
0.745085
0.763971
0.782089
0.762824
0.769783
0.759241
0.752298
0.721786
0.755442
0.654713
0.777643
0.801740
0.795577
0.742063
0.777160
0.793982
0.788776
0.810499
0.808337
0.809433
0.765079
0.696304
0.657911
0.728955
0.788852
0.725501
0.658587
0.783879
0.747508
0.699523
0.705496
0.664521
0.728719
0.712237
0.764009
0.727773
0.649729
0.721194
0.793409
0.793915
0.694299
0.796078
0.756077
0.661226
0.557616
0.667694
0.459094
0.631987
0.791067
0.758764
0.763603
0.751343
0.762353
0.756597
0.763420
0.770625
0.750811
0.750279
0.752959
0.698799
0.730043
0.765475
0.632554
0.742262
0.737980
0.763003
0.776161
0.781598
0.727843
0.760750
0.798693
0.794366
0.787784
0.777692
0.784136
0.798920
0.627232
0.793782
0.755117
0.664537
0.775976
0.807594
0.642544
0.724322
0.663234
0.701810
0.688977
0.732686
0.722246
0.715618
0.687043
0.717554
0.759112
0.737418
0.750943
0.705159
0.785313
0.738326
0.795855
0.788147
0.777100
0.762705
0.716511
0.764593
0.781968
0.755600
0.724036
0.686308
0.738914
0.727179
0.533651
0.736361
0.728456
0.738817
0.705794
0.752318
0.788799
0.783252
0.779530
0.742795
0.757015
0.660655
0.625414
0.120624
0.689187
0.774234
0.393641
0.647041
0.764882
0.728968
0.613803
0.773076
0.801717
0.752291
0.800210
0.608316
0.750466
0.722042
0.765504
0.741448
0.762838
0.772509
0.777960
0.767207
0.751893
0.755582
0.773999
0.768934
0.731909
0.772539
0.777668
0.778145
0.776606
0.768787
0.771137
0.783755
0.656589
0.763953
0.647836
0.778920
0.781186
0.687410
0.786912
0.685977
0.668813
0.788115
0.788990
0.783370
0.784423
0.622460
0.563102
0.698426
0.783114
0.794145
0.750337
0.765910
0.773700
0.763245
0.789837
0.788427
0.764793
0.653334
0.760382
0.721687
0.750462
0.761955
0.798284
0.765212
0.762471
0.768470
0.765369
0.226753
0.693335
0.746341
0.726864
0.746741
0.779941
0.790570
0.763448
