SPAM Particle Information
sdss_name 587722984435351614
generation 0
run_number 2
model_name qvxd85wwh1uxamk9tax_0008
model_data -9.93853,-4.5805,18.86315,-1.46024,-2.49591,5.98258,24.1574,24.69427,2.76867,4.70207,295.5625,19.5867,319.75155,310.28396,0.3,0.3,0.0,0.0,0.0,0.0,0.0,0.0,0.91891,0,0,0.21861,-2.89999,5.22648,0.0,1.0,1.0,0.0,0.0,0.0
human_score 0.918918918918919
wins_total 34/37
g1_num_particles 100000
g2_num_particles 100000

Image Creator Information
param_2 400 400 800 400
param_2 400 400 800 400
param_2 400 400 800 400
param_2 400 400 800 400
