SPAM Particle Information
sdss_name 587722984435351614
generation 0
run_number 15
model_name pyausiw2hm4bbkcqe4x_0021
model_data -9.93853,-4.5805,7.23952,-1.06017,-2.69719,3.48341,23.33004,15.81824,3.7653,3.94686,306.47677,30.90842,322.55831,301.15104,0.3,0.3,0.0,0.0,0.0,0.0,0.0,0.0,0.86486,0,0,0.16572,-2.49999,6.76126,0.0,1.0,1.0,0.0,0.0,0.0
human_score 0.8648648648648649
wins_total 32/37
g1_num_particles 100000
g2_num_particles 100000

Image Creator Information
param_2 400 400 800 400
param_2 400 400 800 400
param_2 400 400 800 400
param_2 400 400 800 400
