SPAM Particle Information
sdss_name 587722984435351614
generation 0
run_number 16
model_name r1ye0n5gta2i2p1l49n_0000
model_data -9.93853,-4.5805,15.17534,-1.07897,-1.43837,5.39275,29.11005,17.71506,3.9509,4.44801,300.21821,25.90423,306.42032,304.67789,0.3,0.3,0.0,0.0,0.0,0.0,0.0,0.0,0.86111,0,0,0.45495,-3.67999,3.99161,0.0,1.0,1.0,1.0,0.0,0.0
human_score 0.8611111111111112
wins_total 31/36
g1_num_particles 100000
g2_num_particles 100000

Image Creator Information
param_2 400 400 800 399
param_2 400 400 800 399
param_2 400 400 800 399
param_2 400 400 800 399
