SPAM Particle Information
sdss_name 587722984435351614
generation 0
run_number 18
model_name 6l8ll6vfdo056ewqnut_0000
model_data -9.93853,-4.5805,16.26643,-1.91401,-2.46752,2.66687,31.8246,19.53272,3.3662,3.3564,309.53907,27.18435,306.60451,52.13729,0.3,0.3,0.0,0.0,0.0,0.0,0.0,0.0,0.85714,0,0,0.29032,-28.33999,5.46086,0.0,1.0,0.0,2.0,0.0,0.0
human_score 0.8571428571428571
wins_total 30/35
g1_num_particles 100000
g2_num_particles 100000

Image Creator Information
param_2 400 400 800 399
param_2 400 400 800 399
param_2 400 400 800 399
param_2 400 400 800 399
