SPAM Particle Information
sdss_name 587722984435351614
generation 0
run_number 19
model_name z0z3ha4hybpezdctfgk_0000
model_data -9.93853,-4.5805,5.42519,-0.68521,-2.93636,-0.1342,20.55485,29.02245,3.63712,4.51356,296.78172,16.55882,48.43853,28.7234,0.3,0.3,0.0,0.0,0.0,0.0,0.0,0.0,0.85714,0,0,0.20086,-3.43999,8.19775,0.0,1.0,1.0,2.0,0.0,0.0
human_score 0.8571428571428571
wins_total 30/35
g1_num_particles 100000
g2_num_particles 100000

Image Creator Information
param_2 400 400 800 400
param_2 400 400 800 400
param_2 400 400 800 400
param_2 400 400 800 400
