SPAM Particle Information
sdss_name 587722984435351614
generation 0
run_number 25
model_name 6l8ll6vfdo056ewqnut_0005
model_data -9.93853,-4.5805,20.79052,-1.42382,-1.79833,6.27252,36.56785,12.23025,3.70577,3.3564,308.07638,36.60615,310.95171,68.41354,0.3,0.3,0.0,0.0,0.0,0.0,0.0,0.0,0.83333,0,0,0.59092,-4.01999,3.29965,0.0,1.0,0.0,0.0,0.0,0.0
human_score 0.8333333333333334
wins_total 30/36
g1_num_particles 100000
g2_num_particles 100000

Image Creator Information
param_2 400 400 800 399
param_2 400 400 800 399
param_2 400 400 800 399
param_2 400 400 800 399
