SPAM Particle Information
sdss_name 587722984435351614
generation 0
run_number 28
model_name 1ugxo1lis0024gtdw7pg_0000
model_data -9.93853,-4.5805,13.56276,-1.38022,-1.89206,6.40062,28.52877,29.36817,3.07734,4.34525,306.25,44.5,313.04347,317.51552,0.3,0.3,0.0,0.0,0.0,0.0,0.0,0.0,0.82352,0,0,0.3478,-28.13999,4.77806,0.0,1.0,0.0,1.0,0.0,0.0
human_score 0.8235294117647058
wins_total 28/34
g1_num_particles 100000
g2_num_particles 100000

Image Creator Information
param_2 400 400 800 400
param_2 400 400 800 400
param_2 400 400 800 400
param_2 400 400 800 400
