SPAM Particle Information
sdss_name 587722984435351614
generation 0
run_number 58
model_name 2p06snnj5f3n7hvh68d_0008
model_data -9.93853,-4.5805,21.61984,-1.18019,-1.57,6.67244,19.68964,17.70985,3.59647,5.89147,298.06907,37.0,320.67196,346.58385,0.3,0.3,0.0,0.0,0.0,0.0,0.0,0.0,0.68571,0,0,0.25874,-3.69999,4.41366,0.0,1.0,0.0,0.0,0.0,0.0
human_score 0.6857142857142857
wins_total 24/35
g1_num_particles 100000
g2_num_particles 100000

Image Creator Information
param_2 400 400 800 400
param_2 400 400 800 400
param_2 400 400 800 400
