SPAM Particle Information
sdss_name 587722984435351614
generation 0
run_number 62
model_name 1rzodrgasif1c31ih2j2_0016
model_data -9.93853,-4.5805,12.60939,-2.66209,-2.65161,4.9179,28.77776,24.41591,3.52504,3.69127,293.49006,33.33564,47.57654,308.25355,0.3,0.3,0.0,0.0,0.0,0.0,0.0,0.0,0.68571,0,0,0.0482,-1.48,16.01808,0.0,0.0,1.0,0.0,0.0,0.0
human_score 0.6857142857142857
wins_total 24/35
g1_num_particles 100000
g2_num_particles 100000

Image Creator Information
param_2 400 400 800 399
param_2 400 400 800 399
param_2 400 400 800 399
