SPAM Particle Information
sdss_name 587722984435351614
generation 0
run_number 64
model_name 1uhsywej9u1mr99vgle0_0003
model_data -9.93853,-4.5805,19.79851,-3.1288,-1.06745,3.50897,19.02775,9.27034,3.7508,4.10737,297.11738,26.8513,317.07051,304.86114,0.3,0.3,0.0,0.0,0.0,0.0,0.0,0.0,0.67647,0,0,0.24453,-4.15999,4.32016,0.0,1.0,1.0,0.0,0.0,0.0
human_score 0.6764705882352942
wins_total 23/34
g1_num_particles 100000
g2_num_particles 100000

Image Creator Information
param_2 400 400 800 399
param_2 400 400 800 399
param_2 400 400 800 399
