SPAM Particle Information
sdss_name 587722984435351614
generation 0
run_number 70
model_name 1uc96vt9t15530xwxyf5_0000
model_data -9.93853,-4.5805,21.53039,-1.17222,-2.54384,7.31362,29.01444,21.74956,3.75618,3.79619,294.75486,28.27431,307.5862,48.27586,0.3,0.3,0.0,0.0,0.0,0.0,0.0,0.0,0.65384,0,0,0.14824,-2.79999,6.15005,0.0,1.0,0.0,1.0,0.0,0.0
human_score 0.6538461538461539
wins_total 68/104
g1_num_particles 100000
g2_num_particles 100000

Image Creator Information
param_2 400 400 800 399
param_2 400 400 800 399
param_2 400 400 800 399
