SPAM Particle Information
sdss_name 587722984435351614
generation 0
run_number 71
model_name 1ulml49d0a5nr7ikcpmq_0014
model_data -9.93853,-4.5805,15.37586,-2.98262,-1.57651,1.07782,35.17626,27.61723,3.55913,2.89248,293.17936,34.33097,51.98838,310.74464,0.3,0.3,0.0,0.0,0.0,0.0,0.0,0.0,0.64864,0,0,0.33966,-1.86,4.1253,0.0,0.0,1.0,0.0,0.0,0.0
human_score 0.6486486486486487
wins_total 24/37
g1_num_particles 100000
g2_num_particles 100000

Image Creator Information
param_2 400 400 800 399
param_2 400 400 800 399
param_2 400 400 800 399
