SPAM Particle Information
sdss_name 587722984435351614
generation 0
run_number 73
model_name 2qsu1rz66pcaxmf76r_0003
model_data -9.93853,-4.5805,8.07467,-0.58392,-2.3828,2.40244,33.95128,8.64137,3.53734,4.16063,309.22019,30.79557,137.76459,297.70733,0.3,0.3,0.0,0.0,0.0,0.0,0.0,0.0,0.64705,0,0,0.21157,-27.11999,6.82254,0.0,0.0,0.0,0.0,0.0,0.0
human_score 0.6470588235294118
wins_total 22/34
g1_num_particles 100000
g2_num_particles 100000

Image Creator Information
param_2 400 400 800 399
param_2 400 400 800 399
param_2 400 400 800 399
