SPAM Particle Information
sdss_name 587722984435351614
generation 0
run_number 76
model_name 1s42vl87phag2kb97hw5_0003
model_data -9.93853,-4.5805,2.25024,-0.77736,-3.04284,1.73461,33.26068,31.53319,3.76483,6.1072,297.05493,36.77498,44.86397,67.03002,0.3,0.3,0.0,0.0,0.0,0.0,0.0,0.0,0.62857,0,0,0.22369,-2.57999,8.57118,0.0,1.0,1.0,0.0,0.0,0.0
human_score 0.6285714285714286
wins_total 22/35
g1_num_particles 100000
g2_num_particles 100000

Image Creator Information
param_2 400 400 800 400
param_2 400 400 800 400
param_2 400 400 800 400
