SPAM Particle Information
sdss_name 587722984435351614
generation 0
run_number 84
model_name 2s51i9kgb8jdlcpfl7o_0001
model_data -9.93853,-4.5805,-0.35146,-0.27392,-2.26298,-0.26744,16.21556,23.62153,3.81889,4.47151,296.82617,29.79455,321.13334,114.41171,0.3,0.3,0.0,0.0,0.0,0.0,0.0,0.0,0.61111,0,0,0.13012,-2.0,9.70365,0.0,0.0,0.0,0.0,0.0,0.0
human_score 0.6111111111111112
wins_total 22/36
g1_num_particles 100000
g2_num_particles 100000

Image Creator Information
param_2 400 400 800 400
param_2 400 400 800 400
param_2 400 400 800 400
