SPAM Particle Information
sdss_name 587722984435351614
generation 0
run_number 91
model_name 2nx868zfvm80gx1ozqv_0000
model_data -9.93853,-4.5805,-0.70234,-0.37236,-1.83525,0.25881,22.75899,8.97536,3.6168,4.27431,302.3672,28.16846,129.62739,306.4231,0.3,0.3,0.0,0.0,0.0,0.0,0.0,0.0,0.59459,0,0,0.2841,-29.01999,6.17861,0.0,0.0,0.0,0.0,0.0,0.0
human_score 0.5945945945945946
wins_total 22/37
g1_num_particles 100000
g2_num_particles 100000

Image Creator Information
param_2 400 400 800 399
param_2 400 400 800 399
param_2 400 400 800 399
