SPAM Particle Information
sdss_name 587722984435351614
generation 0
run_number 98
model_name 1rzodrgasif1c31ih2j2_0013
model_data -9.93853,-4.5805,-6.87427,-0.99088,-0.75013,-2.60998,30.29041,17.30897,2.3546,4.7699,306.41315,26.47196,34.57218,297.27275,0.3,0.3,0.0,0.0,0.0,0.0,0.0,0.0,0.57142,0,0,0.09423,-19.21999,12.49707,0.0,0.0,1.0,1.0,0.0,0.0
human_score 0.5714285714285714
wins_total 20/35
g1_num_particles 100000
g2_num_particles 100000

Image Creator Information
param_2 400 400 800 400
param_2 400 400 800 400
param_2 400 400 800 400
