SPAM Particle Information
sdss_name 587722984435351614
generation 0
run_number 101
model_name 1rzodrgasif1c31ih2j2_0021
model_data -9.93853,-4.5805,24.89882,-2.23478,-2.68243,7.78852,10.45011,11.65527,2.80427,4.88535,300.38351,38.09382,317.85701,309.32098,0.3,0.3,0.0,0.0,0.0,0.0,0.0,0.0,0.55882,0,0,0.00283,0.0,27.35238,0.0,0.0,1.0,0.0,0.0,0.0
human_score 0.5588235294117647
wins_total 19/34
g1_num_particles 100000
g2_num_particles 100000

Image Creator Information
param_2 400 400 800 400
param_2 400 400 800 400
param_2 400 400 800 400
param_2 400 400 800 400
