SPAM Particle Information
sdss_name 587722984435351614
generation 0
run_number 104
model_name 2qsu1rz66pcaxmf76r_0004
model_data -9.93853,-4.5805,8.07467,-0.58392,-2.3828,2.40244,26.30855,15.52722,3.45616,4.58313,309.22019,30.79557,317.76459,297.70733,0.3,0.3,0.0,0.0,0.0,0.0,0.0,0.0,0.54368,0,0,0.20678,-27.41999,6.85653,0.0,1.0,0.0,0.0,0.0,0.0
human_score 0.5436893203883495
wins_total 56/103
g1_num_particles 100000
g2_num_particles 100000

Image Creator Information
param_2 400 400 800 399
param_2 400 400 800 399
param_2 400 400 800 399
param_2 400 400 800 399
