SPAM Particle Information
sdss_name 587722984435351614
generation 0
run_number 105
model_name pyausiw2hm4bbkcqe4x_0011
model_data -9.93853,-4.5805,12.62739,-2.66043,-3.22053,3.48341,20.68248,16.54578,2.51612,2.53737,301.35333,27.625,313.23678,315.2795,0.3,0.3,0.0,0.0,0.0,0.0,0.0,0.0,0.54285,0,0,0.28943,-2.33999,4.08011,0.0,1.0,1.0,1.0,0.0,0.0
human_score 0.5428571428571428
wins_total 19/35
g1_num_particles 100000
g2_num_particles 100000

Image Creator Information
param_2 400 400 800 399
param_2 400 400 800 399
param_2 400 400 800 399
param_2 400 400 800 399
