SPAM Particle Information
sdss_name 587722984435351614
generation 0
run_number 109
model_name 1pqm3zzy98y578ntcri_0001
model_data -9.93853,-4.5805,5.29447,0.24022,-1.00021,2.76383,31.92245,20.77148,4.23584,4.76208,310.63903,36.80051,137.78825,310.16027,0.3,0.3,0.0,0.0,0.0,0.0,0.0,0.0,0.52941,0,0,0.1814,-21.91999,9.17582,0.0,0.0,0.0,0.0,0.0,0.0
human_score 0.5294117647058824
wins_total 18/34
g1_num_particles 100000
g2_num_particles 100000

Image Creator Information
param_2 400 400 800 399
param_2 400 400 800 399
param_2 400 400 800 399
param_2 400 400 800 399
