SPAM Particle Information
sdss_name 587722984435351614
generation 0
run_number 110
model_name pwwx6wnldys43xc9wr6_0001
model_data -9.93853,-4.5805,17.86768,-2.81292,-2.17056,4.55906,19.39032,28.94107,4.55723,4.14994,302.78426,26.77403,318.49962,295.50019,0.3,0.3,0.0,0.0,0.0,0.0,0.0,0.0,0.52777,0,0,0.99533,-3.19999,2.36813,0.0,0.0,0.0,0.0,0.0,0.0
human_score 0.5277777777777778
wins_total 19/36
g1_num_particles 100000
g2_num_particles 100000

Image Creator Information
param_2 400 400 800 399
param_2 400 400 800 399
param_2 400 400 800 399
param_2 400 400 800 399
