SPAM Particle Information
sdss_name 587722984435351614
generation 0
run_number 121
model_name p47op8l021fvhx6k8mn_0013
model_data -9.93853,-4.5805,14.06324,-3.17046,-3.00042,4.42328,22.76162,28.23441,3.48513,3.36214,310.96278,38.63551,42.8876,236.71305,0.3,0.3,0.0,0.0,0.0,0.0,0.0,0.0,0.48648,0,0,0.13443,-28.71999,8.17116,0.0,0.0,1.0,0.0,0.0,0.0
human_score 0.4864864864864865
wins_total 18/37
g1_num_particles 100000
g2_num_particles 100000

Image Creator Information
param_2 400 400 800 399
param_2 400 400 800 399
param_2 400 400 800 399
param_2 400 400 800 399
