SPAM Particle Information
sdss_name 587722984435351614
generation 0
run_number 124
model_name z0z3ha4hybpezdctfgk_0005
model_data -9.93853,-4.5805,5.42519,-2.7061,0.74191,-0.1342,28.20708,31.53319,3.63712,4.51356,296.78172,16.55882,48.43853,28.7234,0.3,0.3,0.0,0.0,0.0,0.0,0.0,0.0,0.48571,0,0,0.48407,-3.95999,5.1419,0.0,1.0,1.0,1.0,0.0,0.0
human_score 0.4857142857142857
wins_total 17/35
g1_num_particles 100000
g2_num_particles 100000

Image Creator Information
param_2 400 400 800 399
param_2 400 400 800 399
param_2 400 400 800 399
param_2 400 400 800 399
