SPAM Particle Information
sdss_name 587722984435351614
generation 0
run_number 128
model_name qz3mnv035i7ey52thu0_0004
model_data -9.93853,-4.5805,23.2941,-2.79705,-2.36234,5.6129,31.73085,23.25341,4.2258,3.58106,306.12773,22.58431,230.50886,55.70127,0.3,0.3,0.0,0.0,0.0,0.0,0.0,0.0,0.47058,0,0,0.15868,-4.19999,7.05215,0.0,0.0,1.0,0.0,0.0,0.0
human_score 0.47058823529411764
wins_total 16/34
g1_num_particles 100000
g2_num_particles 100000

Image Creator Information
param_2 400 400 800 399
param_2 400 400 800 399
param_2 400 400 800 399
param_2 400 400 800 399
