SPAM Particle Information
sdss_name 587722984435351614
generation 0
run_number 133
model_name qsw161q205in1ltlx74_0000
model_data -9.93853,-4.5805,9.18377,-1.92047,-2.80566,3.11077,19.8715,23.04654,3.50688,4.84604,297.87046,29.44094,48.01965,60.12381,0.3,0.3,0.0,0.0,0.0,0.0,0.0,0.0,0.44117,0,0,0.19105,-27.47999,7.16869,0.0,0.0,0.0,2.0,0.0,0.0
human_score 0.4411764705882353
wins_total 15/34
g1_num_particles 100000
g2_num_particles 100000

Image Creator Information
param_2 400 400 800 400
param_2 400 400 800 400
param_2 400 400 800 400
param_2 400 400 800 400
