SPAM Particle Information
sdss_name 587722984435351614
generation 0
run_number 139
model_name r3zi4q2i88338o4wgb8_0007
model_data -9.93853,-4.5805,6.73354,-2.37078,-2.28305,-0.26456,14.77005,19.84617,4.00182,3.17854,304.1008,34.01311,219.26621,65.3668,0.3,0.3,0.0,0.0,0.0,0.0,0.0,0.0,0.42857,0,0,0.17826,-3.35999,6.98294,0.0,0.0,1.0,0.0,0.0,0.0
human_score 0.42857142857142855
wins_total 15/35
g1_num_particles 100000
g2_num_particles 100000

Image Creator Information
param_2 400 400 800 399
param_2 400 400 800 399
param_2 400 400 800 399
param_2 400 400 800 399
