SPAM Particle Information
sdss_name 587722984435351614
generation 0
run_number 155
model_name 1s7nzt4uchlslsw4vaep_0005
model_data -9.93853,-4.5805,17.26911,-1.94911,-2.91329,7.36694,13.12041,31.28855,4.72604,4.62864,302.27562,29.82879,44.67791,302.69574,0.3,0.3,0.0,0.0,0.0,0.0,0.0,0.0,0.38888,0,0,0.03854,-4.19999,17.15039,0.0,0.0,1.0,0.0,0.0,0.0
human_score 0.3888888888888889
wins_total 14/36
g1_num_particles 100000
g2_num_particles 100000

Image Creator Information
param_2 400 400 800 399
param_2 400 400 800 399
param_2 400 400 800 399
param_2 400 400 800 399
