SPAM Particle Information
sdss_name 587722984435351614
generation 0
run_number 159
model_name 6n85l7wj08mf0mvxp2i_0001
model_data -9.93853,-4.5805,-20.49452,-1.49284,-0.45789,-6.45174,30.02289,29.95653,3.41804,3.70733,307.18699,36.70925,51.69615,125.8182,0.3,0.3,0.0,0.0,0.0,0.0,0.0,0.0,0.38235,0,0,7.44285,-25.17999,0.80796,0.0,0.0,1.0,1.0,0.0,0.0
human_score 0.38235294117647056
wins_total 13/34
g1_num_particles 100000
g2_num_particles 100000

Image Creator Information
param_2 400 400 800 399
param_2 400 400 800 399
param_2 400 400 800 399
param_2 400 400 800 399
