SPAM Particle Information
sdss_name 587722984435351614
generation 0
run_number 162
model_name 1tswcl4x8bpuyz49oclm_0000
model_data -9.93853,-4.5805,12.95292,-2.96838,-3.09912,3.65105,30.56528,25.01374,4.09464,2.99894,293.56191,31.55303,38.1013,61.77895,0.3,0.3,0.0,0.0,0.0,0.0,0.0,0.0,0.37142,0,0,0.46276,-2.73999,4.02765,0.0,0.0,0.0,0.0,0.0,0.0
human_score 0.37142857142857144
wins_total 13/35
g1_num_particles 100000
g2_num_particles 100000

Image Creator Information
param_2 400 400 800 399
param_2 400 400 800 399
param_2 400 400 800 399
param_2 400 400 800 399
