SPAM Particle Information
sdss_name 587722984435351614
generation 0
run_number 173
model_name 3qr2pujs7aycy4d8rnp_0000
model_data -9.93853,-4.5805,-10.99617,-0.67397,-1.11398,-4.76811,33.30838,22.09316,4.70026,3.61384,296.71276,37.85159,50.72743,231.43346,0.3,0.3,0.0,0.0,0.0,0.0,0.0,0.0,0.35294,0,0,1.73607,-4.49999,2.08667,0.0,0.0,0.0,0.0,0.0,0.0
human_score 0.35294117647058826
wins_total 12/34
g1_num_particles 100000
g2_num_particles 100000

Image Creator Information
param_2 400 400 800 399
param_2 400 400 800 399
param_2 400 400 800 399
param_2 400 400 800 399
