SPAM Particle Information
sdss_name 587722984435351614
generation 0
run_number 190
model_name 1rv61wb4yvwdxojk6jqt_0008
model_data -9.93853,-4.5805,13.69629,-3.13934,-3.05926,7.29298,27.19716,30.62879,4.426,3.3587,295.96692,22.66233,47.3265,120.69109,0.3,0.3,0.0,0.0,0.0,0.0,0.0,0.0,0.32432,0,0,0.49065,-1.92,3.40456,0.0,0.0,0.0,0.0,0.0,0.0
human_score 0.32432432432432434
wins_total 12/37
g1_num_particles 100000
g2_num_particles 100000

Image Creator Information
param_2 400 400 800 399
param_2 400 400 800 399
param_2 400 400 800 399
param_2 400 400 800 399
