SPAM Particle Information
sdss_name 587722984435351614
generation 0
run_number 199
model_name 6txceejgneukzanmq1s_0001
model_data -9.93853,-4.5805,22.07758,-1.33267,-3.07606,4.01557,35.12372,30.03784,3.03288,3.38314,298.21308,19.8061,232.06797,65.91516,0.3,0.3,0.0,0.0,0.0,0.0,0.0,0.0,0.31428,0,0,0.14526,-3.91999,7.97889,0.0,0.0,0.0,0.0,0.0,0.0
human_score 0.3142857142857143
wins_total 11/35
g1_num_particles 100000
g2_num_particles 100000

Image Creator Information
param_2 400 400 800 399
param_2 400 400 800 399
param_2 400 400 800 399
param_2 400 400 800 399
