SPAM Particle Information
sdss_name 587722984435351614
generation 0
run_number 212
model_name r1ye0n5gta2i2p1l49n_0001
model_data -9.93853,-4.5805,17.77448,-2.27476,-1.10812,5.39275,18.66718,30.66912,3.11128,4.16803,295.35492,38.9692,320.68159,301.52153,0.3,0.3,0.0,0.0,0.0,0.0,0.0,0.0,0.28571,0,0,0.54856,-2.65999,3.13345,0.0,0.0,1.0,1.0,0.0,0.0
human_score 0.2857142857142857
wins_total 10/35
g1_num_particles 100000
g2_num_particles 100000

Image Creator Information
param_2 400 400 800 399
param_2 400 400 800 399
param_2 400 400 800 399
param_2 400 400 800 399
