SPAM Particle Information
sdss_name 587722984435351614
generation 0
run_number 213
model_name r3454zfq45w8k3yjqj2_0001
model_data -9.93853,-4.5805,24.71201,-2.28206,-0.64738,3.21773,27.1323,30.77955,3.54624,3.11215,298.55204,19.82196,140.51065,310.08642,0.3,0.3,0.0,0.0,0.0,0.0,0.0,0.0,0.28571,0,0,0.4538,-2.77999,3.40229,0.0,0.0,1.0,1.0,0.0,0.0
human_score 0.2857142857142857
wins_total 10/35
g1_num_particles 100000
g2_num_particles 100000

Image Creator Information
param_2 400 400 800 400
param_2 400 400 800 400
param_2 400 400 800 400
param_2 400 400 800 400
