SPAM Particle Information
sdss_name 587722984435351614
generation 0
run_number 214
model_name 1tvmhvdz5wi02c28ww6l_0015
model_data -9.93853,-4.5805,12.1311,-1.17677,-3.05516,3.29983,29.45253,16.40027,2.99316,3.67919,303.32876,20.87951,130.19003,302.6541,0.3,0.3,0.0,0.0,0.0,0.0,0.0,0.0,0.28571,0,0,0.17849,-3.07999,6.74974,0.0,1.0,0.0,0.0,0.0,0.0
human_score 0.2857142857142857
wins_total 10/35
g1_num_particles 100000
g2_num_particles 100000

Image Creator Information
param_2 400 400 800 399
param_2 400 400 800 399
param_2 400 400 800 399
param_2 400 400 800 399
