SPAM Particle Information
sdss_name 587722984435351614
generation 0
run_number 220
model_name somojjt0wkvc7dsxxfi_0004
model_data -9.93853,-4.5805,3.61336,-2.75267,-2.69546,2.42507,11.21507,24.9262,3.19933,4.99516,302.2361,31.47582,305.81561,229.24752,0.3,0.3,0.0,0.0,0.0,0.0,0.0,0.0,0.26470,0,0,0.29785,-2.07999,4.52568,0.0,0.0,1.0,1.0,0.0,0.0
human_score 0.2647058823529412
wins_total 9/34
g1_num_particles 100000
g2_num_particles 100000

Image Creator Information
param_2 400 400 800 399
param_2 400 400 800 399
param_2 400 400 800 399
param_2 400 400 800 399
