SPAM Particle Information
sdss_name 587722984435351614
generation 0
run_number 227
model_name qzrqnt3i4ranqboqmv1_0008
model_data -9.93853,-4.5805,9.11183,-2.38898,1.06619,2.3184,18.58909,23.70372,4.20695,4.11789,307.61074,33.76352,315.17628,51.23511,0.3,0.3,0.0,0.0,0.0,0.0,0.0,0.0,0.26470,0,0,0.02026,0.0,14.3402,0.0,0.0,1.0,0.0,0.0,0.0
human_score 0.2647058823529412
wins_total 9/34
g1_num_particles 100000
g2_num_particles 100000

Image Creator Information
param_2 400 400 800 399
param_2 400 400 800 399
param_2 400 400 800 399
param_2 400 400 800 399
