SPAM Particle Information
sdss_name 587722984435351614
generation 0
run_number 234
model_name 8g4vxnhi2hyni3o6ri9_0000
model_data -9.93853,-4.5805,-2.27061,-1.82029,-2.61668,4.92037,31.4382,15.2362,2.7583,3.74594,290.6875,31.1875,40.24844,51.42857,0.3,0.3,0.0,0.0,0.0,0.0,0.0,0.0,0.25714,0,0,0.33939,-2.55999,5.2435,0.0,1.0,0.0,0.0,0.0,0.0
human_score 0.2571428571428571
wins_total 9/35
g1_num_particles 100000
g2_num_particles 100000

Image Creator Information
param_2 400 400 800 400
param_2 400 400 800 400
param_2 400 400 800 400
param_2 400 400 800 400
