SPAM Particle Information
sdss_name 587722984435351614
generation 0
run_number 235
model_name 1rzodrgasif1c31ih2j2_0037
model_data -9.93853,-4.5805,11.85021,-1.61677,2.49678,-9.21015,25.62474,15.10481,3.99319,4.11876,300.98214,27.23735,54.47155,57.69885,0.3,0.3,0.0,0.0,0.0,0.0,0.0,0.0,0.25714,0,0,0.02222,0.0,16.21737,0.0,0.0,1.0,0.0,0.0,0.0
human_score 0.2571428571428571
wins_total 9/35
g1_num_particles 100000
g2_num_particles 100000

Image Creator Information
param_2 400 400 800 400
param_2 400 400 800 400
param_2 400 400 800 400
param_2 400 400 800 400
