SPAM Particle Information
sdss_name 587722984435351614
generation 0
run_number 242
model_name me3yy1b1m278azcjn19_0008
model_data -9.93853,-4.5805,18.17028,-0.46007,-1.89841,0.99611,34.90081,27.19093,4.68556,4.59959,295.75663,19.92542,46.44404,301.19965,0.3,0.3,0.0,0.0,0.0,0.0,0.0,0.0,0.25,0,0,0.26662,-3.99999,6.01847,0.0,1.0,0.0,0.0,0.0,0.0
human_score 0.25
wins_total 9/36
g1_num_particles 100000
g2_num_particles 100000

Image Creator Information
param_2 400 400 800 400
param_2 400 400 800 400
param_2 400 400 800 400
param_2 400 400 800 400
