SPAM Particle Information
sdss_name 587722984435351614
generation 0
run_number 245
model_name 2kmygq5q7wm5ha0vexm_0016
model_data -9.93853,-4.5805,10.04473,-2.62187,0.7392,2.14162,19.15775,19.86839,4.24726,4.91854,305.06423,21.70666,309.07442,237.11479,0.3,0.3,0.0,0.0,0.0,0.0,0.0,0.0,0.23529,0,0,0.2609,-3.77999,5.66477,0.0,0.0,0.0,0.0,0.0,0.0
human_score 0.23529411764705882
wins_total 8/34
g1_num_particles 100000
g2_num_particles 100000

Image Creator Information
param_2 400 400 800 399
param_2 400 400 800 399
param_2 400 400 800 399
param_2 400 400 800 399
