SPAM Particle Information
sdss_name 587722984435351614
generation 0
run_number 247
model_name 6ervkv705b2mwwhf4ui_0011
model_data -9.93853,-4.5805,9.19814,-1.38516,-2.55932,20.59874,27.97322,18.09464,3.52631,3.77434,294.35276,28.22067,313.06204,54.65335,0.3,0.3,0.0,0.0,0.0,0.0,0.0,0.0,0.23529,0,0,0.32044,-25.95999,5.56666,0.0,1.0,1.0,1.0,0.0,0.0
human_score 0.23529411764705882
wins_total 8/34
g1_num_particles 100000
g2_num_particles 100000

Image Creator Information
param_2 400 400 800 400
param_2 400 400 800 400
param_2 400 400 800 400
param_2 400 400 800 400
