SPAM Particle Information
sdss_name 587722984435351614
generation 0
run_number 256
model_name 1ub16atml47uh6f88fuo_0007
model_data -9.93853,-4.5805,13.25097,-0.58009,0.88564,2.96316,32.29402,24.50215,4.24775,4.40747,291.4375,41.5,308.57142,124.09937,0.3,0.3,0.0,0.0,0.0,0.0,0.0,0.0,0.22857,0,0,0.75223,-24.29999,3.73556,0.0,1.0,0.0,0.0,0.0,0.0
human_score 0.22857142857142856
wins_total 8/35
g1_num_particles 100000
g2_num_particles 100000

Image Creator Information
param_2 400 400 800 399
param_2 400 400 800 399
param_2 400 400 800 399
param_2 400 400 800 399
