SPAM Particle Information
sdss_name 587722984435351614
generation 0
run_number 260
model_name 1twdqs65humumfngntpf_0038
model_data -9.93853,-4.5805,10.94775,-0.59354,-1.13961,-0.32982,27.71536,27.04414,3.73885,3.1752,310.89328,39.43193,49.07752,309.9103,0.3,0.3,0.0,0.0,0.0,0.0,0.0,0.0,0.22857,0,0,0.64396,-4.23999,3.87501,0.0,0.0,1.0,0.0,0.0,0.0
human_score 0.22857142857142856
wins_total 8/35
g1_num_particles 100000
g2_num_particles 100000

Image Creator Information
param_2 400 400 800 400
param_2 400 400 800 400
param_2 400 400 800 400
param_2 400 400 800 400
