SPAM Particle Information
sdss_name 587722984435351614
generation 0
run_number 262
model_name 1ult74ivb4co9mthtntv_0002
model_data -9.93853,-4.5805,2.64801,1.57862,-2.354,-1.07647,11.48043,15.03424,4.22011,3.49182,306.9753,28.55031,313.30008,234.33801,0.3,0.3,0.0,0.0,0.0,0.0,0.0,0.0,0.22857,0,0,0.03486,-0.26,11.14357,0.0,0.0,0.0,0.0,0.0,0.0
human_score 0.22857142857142856
wins_total 8/35
g1_num_particles 100000
g2_num_particles 100000

Image Creator Information
param_2 400 400 800 399
param_2 400 400 800 399
param_2 400 400 800 399
param_2 400 400 800 399
