SPAM Particle Information
sdss_name 587722984435351614
generation 0
run_number 269
model_name 9nctqu52sab0ai3d2j_0002
model_data -9.93853,-4.5805,11.98192,-1.15288,0.17044,20.59874,28.92186,8.75984,4.72122,3.32237,302.77437,33.42965,232.79635,303.89755,0.3,0.3,0.0,0.0,0.0,0.0,0.0,0.0,0.22222,0,0,0.23476,-3.91999,5.76625,0.0,0.0,1.0,1.0,0.0,0.0
human_score 0.2222222222222222
wins_total 8/36
g1_num_particles 100000
g2_num_particles 100000

Image Creator Information
param_2 400 400 800 399
param_2 400 400 800 399
param_2 400 400 800 399
param_2 400 400 800 399
