SPAM Particle Information
sdss_name 587722984435351614
generation 0
run_number 280
model_name 1s90y5wi8x16gyrd6b6e_0001
model_data -9.93853,-4.5805,-23.11653,-2.88757,0.39711,-7.41408,25.75741,23.99138,3.32268,4.85279,295.84744,32.82919,322.79383,51.75468,0.3,0.3,0.0,0.0,0.0,0.0,0.0,0.0,0.20588,0,0,0.1178,-5.21999,8.61544,0.0,0.0,1.0,1.0,0.0,0.0
human_score 0.20588235294117646
wins_total 7/34
g1_num_particles 100000
g2_num_particles 100000

Image Creator Information
param_2 400 400 800 399
param_2 400 400 800 399
param_2 400 400 800 399
param_2 400 400 800 399
