SPAM Particle Information
sdss_name 587722984435351614
generation 0
run_number 292
model_name 1svryp1ir27uenb2npgz_0003
model_data -9.93853,-4.5805,2.60436,-0.46007,-2.33488,2.36354,21.50984,26.7314,3.44213,5.79632,309.03245,24.8414,48.7926,56.3362,0.3,0.3,0.0,0.0,0.0,0.0,0.0,0.0,0.20588,0,0,0.30206,-4.63999,6.87587,0.0,1.0,1.0,0.0,0.0,0.0
human_score 0.20588235294117646
wins_total 7/34
g1_num_particles 100000
g2_num_particles 100000

Image Creator Information
param_2 400 400 800 399
param_2 400 400 800 399
param_2 400 400 800 399
