SPAM Particle Information
sdss_name 587722984435351614
generation 0
run_number 316
model_name pyausiw2hm4bbkcqe4x_0006
model_data -9.93853,-4.5805,17.30421,-1.62026,-3.22053,2.18925,34.08576,31.53319,2.87262,4.63017,306.99152,34.89708,321.93047,309.05565,0.3,0.3,0.0,0.0,0.0,0.0,0.0,0.0,0.19444,0,0,0.23673,-28.93999,5.79206,0.0,1.0,1.0,1.0,0.0,0.0
human_score 0.19444444444444445
wins_total 7/36
g1_num_particles 100000
g2_num_particles 100000

Image Creator Information
param_2 400 400 800 399
param_2 400 400 800 399
param_2 400 400 800 399
