SPAM Particle Information
sdss_name 587722984435351614
generation 0
run_number 331
model_name v3iwptkwn8pjjwyg9xm_0012
model_data -9.93853,-4.5805,-2.95596,-2.27383,-0.83958,9.82984,34.61631,27.39044,3.86476,4.41142,301.25261,21.28007,41.57613,239.41136,0.3,0.3,0.0,0.0,0.0,0.0,0.0,0.0,0.17647,0,0,0.56703,-2.71999,4.4085,0.0,0.0,1.0,0.0,0.0,0.0
human_score 0.17647058823529413
wins_total 6/34
g1_num_particles 100000
g2_num_particles 100000

Image Creator Information
param_2 400 400 800 400
param_2 400 400 800 400
param_2 400 400 800 400
