SPAM Particle Information
sdss_name 587722984435351614
generation 0
run_number 335
model_name bx7xm8h4bnr60fmaqw_0001
model_data -9.93853,-4.5805,20.78403,-2.16624,-1.84537,-6.26562,27.28911,29.63442,2.36171,3.94151,298.2079,20.76586,224.04197,245.4329,0.3,0.3,0.0,0.0,0.0,0.0,0.0,0.0,0.17647,0,0,1.42795,-3.09999,1.96648,0.0,0.0,0.0,0.0,0.0,0.0
human_score 0.17647058823529413
wins_total 6/34
g1_num_particles 100000
g2_num_particles 100000

Image Creator Information
param_2 400 400 800 399
param_2 400 400 800 399
param_2 400 400 800 399
