SPAM Particle Information
sdss_name 587722984435351614
generation 0
run_number 340
model_name 1twdqs65humumfngntpf_0018
model_data -9.93853,-4.5805,-4.24291,-2.15199,-3.01912,-5.37557,32.21135,15.4844,3.92051,3.72329,293.16917,28.47277,35.1494,229.18249,0.3,0.3,0.0,0.0,0.0,0.0,0.0,0.0,0.17142,0,0,0.55222,-2.77999,3.94394,0.0,0.0,1.0,0.0,0.0,0.0
human_score 0.17142857142857143
wins_total 6/35
g1_num_particles 100000
g2_num_particles 100000

Image Creator Information
param_2 400 400 800 399
param_2 400 400 800 399
param_2 400 400 800 399
