SPAM Particle Information
sdss_name 587722984435351614
generation 0
run_number 354
model_name 2kmygq5q7wm5ha0vexm_0003
model_data -9.93853,-4.5805,-0.38132,-1.36183,-2.4065,5.11623,30.38827,25.46755,4.07318,2.77914,298.55876,26.77995,307.54104,299.74653,0.3,0.3,0.0,0.0,0.0,0.0,0.0,0.0,0.16666,0,0,0.67998,-3.37999,3.99469,0.0,0.0,1.0,1.0,0.0,0.0
human_score 0.16666666666666666
wins_total 6/36
g1_num_particles 100000
g2_num_particles 100000

Image Creator Information
param_2 400 400 800 400
param_2 400 400 800 400
param_2 400 400 800 400
