SPAM Particle Information
sdss_name 587722984435351614
generation 0
run_number 356
model_name r3454zfq45w8k3yjqj2_0003
model_data -9.93853,-4.5805,17.0451,-2.6219,-0.79645,3.21773,30.38423,16.51414,2.74507,4.32057,303.07756,28.77879,52.70098,54.00389,0.3,0.3,0.0,0.0,0.0,0.0,0.0,0.0,0.16666,0,0,1.42113,-2.87999,1.86328,0.0,0.0,1.0,1.0,0.0,0.0
human_score 0.16666666666666666
wins_total 6/36
g1_num_particles 100000
g2_num_particles 100000

Image Creator Information
param_2 400 400 800 399
param_2 400 400 800 399
param_2 400 400 800 399
