SPAM Particle Information
sdss_name 587722984435351614
generation 0
run_number 359
model_name 1twdqs65humumfngntpf_0025
model_data -9.93853,-4.5805,6.19996,-2.5491,-2.81898,-6.52273,25.76273,14.53617,4.34802,4.30498,310.76591,36.66699,42.68135,300.8188,0.3,0.3,0.0,0.0,0.0,0.0,0.0,0.0,0.16666,0,0,0.54906,-2.39999,3.38539,0.0,0.0,1.0,0.0,0.0,0.0
human_score 0.16666666666666666
wins_total 6/36
g1_num_particles 100000
g2_num_particles 100000

Image Creator Information
param_2 400 400 800 399
param_2 400 400 800 399
param_2 400 400 800 399
