SPAM Particle Information
sdss_name 587722984435351614
generation 0
run_number 369
model_name 1surymtmhuxnpb8gsjf6_0001
model_data -9.93853,-4.5805,22.43863,-2.10034,0.12076,6.73122,11.74695,22.51164,3.45616,3.70298,299.52928,21.77708,318.15705,311.29664,0.3,0.3,0.0,0.0,0.0,0.0,0.0,0.0,0.16666,0,0,0.34124,-5.07999,4.0477,0.0,1.0,1.0,1.0,0.0,0.0
human_score 0.16666666666666666
wins_total 6/36
g1_num_particles 100000
g2_num_particles 100000

Image Creator Information
param_2 400 400 800 399
param_2 400 400 800 399
param_2 400 400 800 399
