SPAM Particle Information
sdss_name 587722984435351614
generation 0
run_number 370
model_name qzrqnt3i4ranqboqmv1_0003
model_data -9.93853,-4.5805,5.02531,-0.79968,-2.17772,2.3184,26.34034,22.01258,3.78383,2.73342,297.77323,36.30245,42.70108,129.56653,0.3,0.3,0.0,0.0,0.0,0.0,0.0,0.0,0.16666,0,0,0.50436,-23.47999,4.74305,0.0,0.0,1.0,1.0,0.0,0.0
human_score 0.16666666666666666
wins_total 6/36
g1_num_particles 100000
g2_num_particles 100000

Image Creator Information
param_2 400 400 800 400
param_2 400 400 800 400
param_2 400 400 800 400
