SPAM Particle Information
sdss_name 587722984435351614
generation 0
run_number 371
model_name r46ht5l3wj43je9tt87_0007
model_data -9.93853,-4.5805,24.6468,-2.90683,-0.86043,2.36973,22.58968,25.25483,3.9192,4.70064,309.90709,36.74504,214.88504,237.89808,0.3,0.3,0.0,0.0,0.0,0.0,0.0,0.0,0.16216,0,0,0.50364,-2.49999,2.82066,0.0,0.0,1.0,0.0,0.0,0.0
human_score 0.16216216216216217
wins_total 6/37
g1_num_particles 100000
g2_num_particles 100000

Image Creator Information
param_2 400 400 800 400
param_2 400 400 800 400
param_2 400 400 800 400
