SPAM Particle Information
sdss_name 587722984435351614
generation 0
run_number 375
model_name somojjt0wkvc7dsxxfi_0008
model_data -9.93853,-4.5805,-1.6537,-0.28548,-0.54446,2.42507,25.1062,27.54606,2.02841,3.8691,299.75969,21.93688,233.26153,300.16689,0.3,0.3,0.0,0.0,0.0,0.0,0.0,0.0,0.14705,0,0,1.54051,-5.49999,2.36969,0.0,0.0,1.0,0.0,0.0,0.0
human_score 0.14705882352941177
wins_total 5/34
g1_num_particles 100000
g2_num_particles 100000

Image Creator Information
param_2 400 400 799 400
param_2 400 400 799 400
param_2 400 400 799 400
