SPAM Particle Information
sdss_name 587722984435351614
generation 0
run_number 394
model_name 33hrks83owmaiezgffg_0003
model_data -9.93853,-4.5805,18.89929,-2.66359,-2.60891,-8.93797,15.73571,20.96329,3.28868,3.87033,306.34204,29.7351,305.59978,54.80492,0.3,0.3,0.0,0.0,0.0,0.0,0.0,0.0,0.14705,0,0,0.30244,-2.31999,3.47542,0.0,1.0,1.0,0.0,0.0,0.0
human_score 0.14705882352941177
wins_total 5/34
g1_num_particles 100000
g2_num_particles 100000

Image Creator Information
param_2 400 400 800 399
param_2 400 400 800 399
param_2 400 400 800 399
