SPAM Particle Information
sdss_name 587722984435351614
generation 0
run_number 411
model_name 2x9ht2lb4xjdu3o7fwl_0000
model_data -9.93853,-4.5805,-6.39201,1.59083,0.92849,-9.97384,14.84728,26.38521,4.69191,4.55082,307.46162,35.3915,45.97727,228.54508,0.3,0.3,0.0,0.0,0.0,0.0,0.0,0.0,0.14285,0,0,0.03183,0.0,12.78325,0.0,0.0,0.0,0.0,0.0,0.0
human_score 0.14285714285714285
wins_total 5/35
g1_num_particles 100000
g2_num_particles 100000

Image Creator Information
param_2 400 400 800 400
param_2 400 400 800 400
param_2 400 400 800 400
