SPAM Particle Information
sdss_name 587722984435351614
generation 0
run_number 413
model_name p47op8l021fvhx6k8mn_0006
model_data -9.93853,-4.5805,24.33462,-1.37359,0.17886,-4.09949,27.41386,28.39655,3.46455,4.02037,297.76339,32.45514,42.96082,248.22768,0.3,0.3,0.0,0.0,0.0,0.0,0.0,0.0,0.14285,0,0,0.21165,-3.51999,5.57372,0.0,0.0,0.0,0.0,0.0,0.0
human_score 0.14285714285714285
wins_total 5/35
g1_num_particles 100000
g2_num_particles 100000

Image Creator Information
param_2 400 400 800 399
param_2 400 400 800 399
param_2 400 400 800 399
