SPAM Particle Information
sdss_name 587722984435351614
generation 0
run_number 426
model_name r0y5y27xap4jogfqatv_0006
model_data -9.93853,-4.5805,-24.33148,2.65782,0.59848,-9.19947,25.4889,25.69149,2.40644,2.5482,293.84102,26.77355,215.18894,245.39999,0.3,0.3,0.0,0.0,0.0,0.0,0.0,0.0,0.14285,0,0,2.36143,-28.47999,1.40879,0.0,0.0,1.0,0.0,0.0,0.0
human_score 0.14285714285714285
wins_total 5/35
g1_num_particles 100000
g2_num_particles 100000

Image Creator Information
param_2 400 400 800 399
param_2 400 400 800 399
param_2 400 400 800 399
