SPAM Particle Information
sdss_name 587722984435351614
generation 0
run_number 427
model_name pyiz2f3izprcdd268vg_0000
model_data -9.93853,-4.5805,-10.13309,-2.90047,-3.01924,7.21103,31.76915,20.47452,2.58627,3.2748,304.1875,23.3125,49.19254,58.13664,0.3,0.3,0.0,0.0,0.0,0.0,0.0,0.0,0.14285,0,0,0.34605,-1.84,4.17005,0.0,1.0,0.0,0.0,0.0,0.0
human_score 0.14285714285714285
wins_total 5/35
g1_num_particles 100000
g2_num_particles 100000

Image Creator Information
param_2 400 400 800 400
param_2 400 400 800 400
param_2 400 400 800 400
