SPAM Particle Information
sdss_name 587722984435351614
generation 0
run_number 439
model_name 11trc4wgo1wbd7w59z91_0000
model_data -9.93853,-4.5805,-3.81787,-2.774,-0.95767,4.31762,18.37616,15.05671,2.88426,3.54649,304.83159,22.57735,48.58579,61.41079,0.3,0.3,0.0,0.0,0.0,0.0,0.0,0.0,0.13888,0,0,0.20679,-2.17999,5.49013,0.0,0.0,0.0,0.0,0.0,0.0
human_score 0.1388888888888889
wins_total 5/36
g1_num_particles 100000
g2_num_particles 100000

Image Creator Information
param_2 400 400 800 399
param_2 400 400 800 399
param_2 400 400 800 399
