SPAM Particle Information
sdss_name 587722984435351614
generation 0
run_number 446
model_name 1twdqs65humumfngntpf_0003
model_data -9.93853,-4.5805,12.0811,-3.09905,-1.88338,-6.52273,18.67966,23.79107,3.33432,3.20771,298.45472,21.56681,323.78786,300.87245,0.3,0.3,0.0,0.0,0.0,0.0,0.0,0.0,0.13888,0,0,0.52871,-2.07999,3.01395,0.0,0.0,1.0,1.0,0.0,0.0
human_score 0.1388888888888889
wins_total 5/36
g1_num_particles 100000
g2_num_particles 100000

Image Creator Information
param_2 400 400 800 399
param_2 400 400 800 399
param_2 400 400 800 399
