SPAM Particle Information
sdss_name 587722984435351614
generation 0
run_number 454
model_name 1svryp1ir27uenb2npgz_0006
model_data -9.93853,-4.5805,18.46803,-2.24006,-1.51477,2.36354,29.27441,28.30127,1.76356,3.43324,309.14653,34.997,140.30036,121.85228,0.3,0.3,0.0,0.0,0.0,0.0,0.0,0.0,0.13888,0,0,0.76941,-4.47999,3.23635,0.0,0.0,1.0,0.0,0.0,0.0
human_score 0.1388888888888889
wins_total 5/36
g1_num_particles 100000
g2_num_particles 100000

Image Creator Information
param_2 400 400 800 400
param_2 400 400 800 400
param_2 400 400 800 400
