SPAM Particle Information
sdss_name 587722984435351614
generation 0
run_number 458
model_name 344wdrzceqgjjn27u59_0002
model_data -9.93853,-4.5805,-7.13854,0.13039,-2.00997,7.62983,34.52697,28.94153,4.38225,4.52036,296.03379,26.06021,227.01512,56.9338,0.3,0.3,0.0,0.0,0.0,0.0,0.0,0.0,0.11764,0,0,0.137,-22.59999,9.32877,0.0,0.0,0.0,0.0,0.0,0.0
human_score 0.11764705882352941
wins_total 4/34
g1_num_particles 100000
g2_num_particles 100000

Image Creator Information
param_2 400 400 800 400
param_2 400 400 800 400
param_2 400 400 800 400
