SPAM Particle Information
sdss_name 587722984435351614
generation 0
run_number 468
model_name r5f5kvlixqpdov2t996_0000
model_data -9.93853,-4.5805,-19.09408,-3.09407,-0.76903,-1.59126,35.89342,18.92211,2.4247,4.92079,293.25333,24.83012,139.92989,237.24995,0.3,0.3,0.0,0.0,0.0,0.0,0.0,0.0,0.11764,0,0,0.39201,-4.19999,4.56858,0.0,0.0,0.0,0.0,0.0,0.0
human_score 0.11764705882352941
wins_total 4/34
g1_num_particles 100000
g2_num_particles 100000

Image Creator Information
param_2 400 400 800 399
param_2 400 400 800 399
param_2 400 400 800 399
