SPAM Particle Information
sdss_name 587722984435351614
generation 0
run_number 479
model_name 1tyxcp9ycpr2ggvos35y_0004
model_data -9.93853,-4.5805,-0.48223,-1.25011,-2.86259,-8.38363,12.83566,21.74733,3.23512,4.33538,300.115,28.66262,231.05666,55.97688,0.3,0.3,0.0,0.0,0.0,0.0,0.0,0.0,0.11764,0,0,0.22242,-2.97999,6.34513,0.0,0.0,1.0,0.0,0.0,0.0
human_score 0.11764705882352941
wins_total 4/34
g1_num_particles 100000
g2_num_particles 100000

Image Creator Information
param_2 400 400 800 399
param_2 400 400 800 399
param_2 400 400 800 399
