SPAM Particle Information
sdss_name 587722984435351614
generation 0
run_number 490
model_name 1s7nzt4uchlslsw4vaep_0004
model_data -9.93853,-4.5805,19.68836,-1.62947,-2.01188,7.36694,20.37427,30.0449,4.11749,2.63714,295.55723,32.7793,142.52765,54.1681,0.3,0.3,0.0,0.0,0.0,0.0,0.0,0.0,0.11764,0,0,0.57143,-3.73999,3.384,0.0,0.0,1.0,0.0,0.0,0.0
human_score 0.11764705882352941
wins_total 4/34
g1_num_particles 100000
g2_num_particles 100000

Image Creator Information
param_2 400 400 800 399
param_2 400 400 800 399
param_2 400 400 800 399
