SPAM Particle Information
sdss_name 587722984435351614
generation 0
run_number 492
model_name 2lk6p1thy4phr76pjnw_0002
model_data -9.93853,-4.5805,-13.10277,-3.10961,-0.08915,-10.07438,25.78637,20.08898,2.53696,3.26453,305.31326,29.07077,34.9982,59.8509,0.3,0.3,0.0,0.0,0.0,0.0,0.0,0.0,0.11764,0,0,0.73672,-3.07999,2.92804,0.0,0.0,0.0,0.0,0.0,0.0
human_score 0.11764705882352941
wins_total 4/34
g1_num_particles 100000
g2_num_particles 100000

Image Creator Information
param_2 400 400 800 399
param_2 400 400 800 399
param_2 400 400 800 399
