SPAM Particle Information
sdss_name 587722984435351614
generation 0
run_number 500
model_name r3454zfq45w8k3yjqj2_0007
model_data -9.93853,-4.5805,-6.35438,-1.96143,-1.80806,3.21773,24.89569,14.82565,3.29881,3.99303,303.57628,27.07959,129.82742,115.91578,0.3,0.3,0.0,0.0,0.0,0.0,0.0,0.0,0.11428,0,0,0.47649,-26.25999,4.34402,0.0,0.0,1.0,0.0,0.0,0.0
human_score 0.11428571428571428
wins_total 4/35
g1_num_particles 100000
g2_num_particles 100000

Image Creator Information
param_2 400 400 800 400
param_2 400 400 800 400
param_2 400 400 800 400
