SPAM Particle Information
sdss_name 587722984435351614
generation 0
run_number 504
model_name 1twdqs65humumfngntpf_0002
model_data -9.93853,-4.5805,3.98469,-2.79451,-1.51729,-6.52273,30.12231,29.96376,3.34991,3.67256,294.29492,23.24221,314.44021,303.67412,0.3,0.3,0.0,0.0,0.0,0.0,0.0,0.0,0.11428,0,0,0.21426,-25.73999,6.47855,0.0,0.0,1.0,2.0,0.0,0.0
human_score 0.11428571428571428
wins_total 4/35
g1_num_particles 100000
g2_num_particles 100000

Image Creator Information
param_2 400 400 800 400
param_2 400 400 800 400
param_2 400 400 800 400
