SPAM Particle Information
sdss_name 587722984435351614
generation 0
run_number 511
model_name qv6eanux8teukbq1kub_0003
model_data -9.93853,-4.5805,10.65503,-2.82962,-1.48337,3.34969,15.11685,25.46162,2.27797,3.40506,298.77711,35.47412,41.4436,307.25655,0.3,0.3,0.0,0.0,0.0,0.0,0.0,0.0,0.11428,0,0,0.23101,-28.65999,6.30446,0.0,0.0,1.0,1.0,0.0,0.0
human_score 0.11428571428571428
wins_total 4/35
g1_num_particles 100000
g2_num_particles 100000

Image Creator Information
param_2 400 400 800 399
param_2 400 400 800 399
param_2 400 400 800 399
