SPAM Particle Information
sdss_name 587722984435351614
generation 0
run_number 517
model_name 1ubdkvyzmxy9854pzdsj_0004
model_data -9.93853,-4.5805,15.51938,-2.74209,-0.63807,-4.62141,32.49584,26.22856,3.68338,3.11844,293.09956,27.38948,230.83238,238.69939,0.3,0.3,0.0,0.0,0.0,0.0,0.0,0.0,0.11428,0,0,0.08919,-25.67999,12.95829,0.0,0.0,1.0,1.0,0.0,0.0
human_score 0.11428571428571428
wins_total 4/35
g1_num_particles 100000
g2_num_particles 100000

Image Creator Information
param_2 400 400 799 400
param_2 400 400 799 400
param_2 400 400 799 400
