SPAM Particle Information
sdss_name 587722984435351614
generation 0
run_number 520
model_name p7esl68433sy7uh4fd6_0004
model_data -9.93853,-4.5805,20.276,-1.04497,-2.55294,1.95917,31.32045,26.21876,2.40698,3.61275,295.94039,23.53192,322.05813,305.14526,0.3,0.3,0.0,0.0,0.0,0.0,0.0,0.0,0.11428,0,0,0.15403,-2.65999,6.42426,0.0,0.0,1.0,0.0,0.0,0.0
human_score 0.11428571428571428
wins_total 4/35
g1_num_particles 100000
g2_num_particles 100000

Image Creator Information
param_2 400 400 800 399
param_2 400 400 800 399
param_2 400 400 800 399
