SPAM Particle Information
sdss_name 587722984435351614
generation 0
run_number 549
model_name 1twdqs65humumfngntpf_0004
model_data -9.93853,-4.5805,-21.08593,-2.71315,-1.92863,-6.52273,35.77222,30.09279,1.91283,4.0961,292.44971,35.5622,39.83498,60.06661,0.3,0.3,0.0,0.0,0.0,0.0,0.0,0.0,0.11111,0,0,2.34831,-2.61999,1.4929,0.0,0.0,1.0,1.0,0.0,0.0
human_score 0.1111111111111111
wins_total 4/36
g1_num_particles 100000
g2_num_particles 100000

Image Creator Information
param_2 400 400 800 399
param_2 400 400 800 399
param_2 400 400 800 399
