SPAM Particle Information
sdss_name 587722984435351614
generation 0
run_number 571
model_name 344wdrzceqgjjn27u59_0003
model_data -9.93853,-4.5805,0.82039,-2.00805,-2.47423,-3.78543,31.76379,19.60707,1.42376,4.1516,306.73883,38.89978,223.11038,53.06293,0.3,0.3,0.0,0.0,0.0,0.0,0.0,0.0,0.08823,0,0,0.22463,-23.51999,7.05182,0.0,0.0,0.0,0.0,0.0,0.0
human_score 0.08823529411764706
wins_total 3/34
g1_num_particles 100000
g2_num_particles 100000

Image Creator Information
param_2 400 400 800 399
param_2 400 400 800 399
param_2 400 400 800 399
