SPAM Particle Information
sdss_name 587722984435351614
generation 0
run_number 583
model_name 6m315c2oxct2t5gvf3k_0004
model_data -9.93853,-4.5805,-10.54238,-2.47575,-1.79772,-2.47076,34.5057,26.30992,1.48324,4.54672,307.91992,30.81716,39.33728,57.02147,0.3,0.3,0.0,0.0,0.0,0.0,0.0,0.0,0.08823,0,0,0.42818,-28.45999,4.15807,0.0,0.0,0.0,0.0,0.0,0.0
human_score 0.08823529411764706
wins_total 3/34
g1_num_particles 100000
g2_num_particles 100000

Image Creator Information
param_2 400 400 800 399
param_2 400 400 800 399
param_2 400 400 800 399
