SPAM Particle Information
sdss_name 587722984435351614
generation 0
run_number 587
model_name 6doot7zvgjyj5216akg_0005
model_data -9.93853,-4.5805,-8.96325,2.05606,2.98435,-7.20353,27.53698,31.15066,3.14506,3.82258,308.29031,36.448,306.08664,299.4825,0.3,0.3,0.0,0.0,0.0,0.0,0.0,0.0,0.08823,0,0,0.08897,-29.99999,8.66996,0.0,0.0,1.0,0.0,0.0,0.0
human_score 0.08823529411764706
wins_total 3/34
g1_num_particles 100000
g2_num_particles 100000

Image Creator Information
param_2 400 400 800 399
param_2 400 400 800 399
param_2 400 400 800 399
