SPAM Particle Information
sdss_name 587722984435351614
generation 0
run_number 594
model_name qv6eanux8teukbq1kub_0020
model_data -9.93853,-4.5805,9.88411,-3.12938,-3.16584,-3.28586,35.17945,24.8759,1.98193,3.16209,308.17538,24.19205,306.17716,308.23487,0.3,0.3,0.0,0.0,0.0,0.0,0.0,0.0,0.08823,0,0,0.21659,-1.46,5.23607,0.0,0.0,0.0,0.0,0.0,0.0
human_score 0.08823529411764706
wins_total 3/34
g1_num_particles 100000
g2_num_particles 100000

Image Creator Information
param_2 400 400 800 399
param_2 400 400 800 399
param_2 400 400 800 399
