SPAM Particle Information
sdss_name 587722984435351614
generation 0
run_number 600
model_name 1rbrgxig90gf19q1c5rj_0018
model_data -9.93853,-4.5805,20.03307,-2.00913,-2.78961,20.59874,21.65861,30.71342,3.38144,4.78885,290.01408,29.28873,44.58715,29.72477,0.3,0.3,0.0,0.0,0.0,0.0,0.0,0.0,0.08823,0,0,0.28593,-2.77999,4.49035,0.0,1.0,1.0,0.0,0.0,0.0
human_score 0.08823529411764706
wins_total 3/34
g1_num_particles 100000
g2_num_particles 100000

Image Creator Information
param_2 400 400 800 399
param_2 400 400 800 399
param_2 400 400 800 399
