SPAM Particle Information
sdss_name 587722984435351614
generation 0
run_number 603
model_name r46ht5l3wj43je9tt87_0004
model_data -9.93853,-4.5805,23.89241,-2.09274,0.22931,2.36973,27.41476,31.46009,2.12173,4.43997,303.39567,38.26834,219.08146,234.73514,0.3,0.3,0.0,0.0,0.0,0.0,0.0,0.0,0.08823,0,0,0.5441,-29.03999,3.78821,0.0,0.0,1.0,0.0,0.0,0.0
human_score 0.08823529411764706
wins_total 3/34
g1_num_particles 100000
g2_num_particles 100000

Image Creator Information
param_2 400 400 799 399
param_2 400 400 799 399
param_2 400 400 799 399
