SPAM Particle Information
sdss_name 587722984435351614
generation 0
run_number 611
model_name v3iwptkwn8pjjwyg9xm_0003
model_data -9.93853,-4.5805,-3.0503,-1.33043,-1.55933,9.82984,24.43611,15.39967,3.24789,3.36378,306.84101,32.1872,316.88685,60.73227,0.3,0.3,0.0,0.0,0.0,0.0,0.0,0.0,0.08823,0,0,0.68594,-3.71999,3.46738,0.0,1.0,1.0,1.0,0.0,0.0
human_score 0.08823529411764706
wins_total 3/34
g1_num_particles 100000
g2_num_particles 100000

Image Creator Information
param_2 400 400 800 399
param_2 400 400 800 399
param_2 400 400 800 399
