SPAM Particle Information
sdss_name 587722984435351614
generation 0
run_number 613
model_name 1u0tl07v7k9ivm8nx4nl_0012
model_data -9.93853,-4.5805,11.72386,-1.40328,-0.55042,7.36791,12.79735,17.52181,3.39628,2.89262,300.22724,22.08977,45.76649,244.30855,0.3,0.3,0.0,0.0,0.0,0.0,0.0,0.0,0.08823,0,0,0.03848,-29.99999,14.36663,0.0,0.0,1.0,0.0,0.0,0.0
human_score 0.08823529411764706
wins_total 3/34
g1_num_particles 100000
g2_num_particles 100000

Image Creator Information
param_2 400 400 800 399
param_2 400 400 800 399
param_2 400 400 800 399
