SPAM Particle Information
sdss_name 587722984435351614
generation 0
run_number 617
model_name nowi6d09asvkncjlil_0001
model_data -9.93853,-4.5805,23.85075,0.0768,-0.76699,1.27871,19.47547,14.64125,1.85413,2.71842,303.59933,24.38375,39.43704,120.0298,0.3,0.3,0.0,0.0,0.0,0.0,0.0,0.0,0.08823,0,0,0.37036,-9.58,4.4439,0.0,0.0,0.0,0.0,0.0,0.0
human_score 0.08823529411764706
wins_total 3/34
g1_num_particles 100000
g2_num_particles 100000

Image Creator Information
param_2 400 400 800 399
param_2 400 400 800 399
param_2 400 400 800 399
