SPAM Particle Information
sdss_name 587722984435351614
generation 0
run_number 624
model_name 6htbpul5dr3hb9af4yn_0000
model_data -9.93853,-4.5805,4.75089,-1.4015,-3.1435,5.31074,18.62311,24.3509,2.84833,5.00788,301.7132,38.20246,319.56732,245.96987,0.3,0.3,0.0,0.0,0.0,0.0,0.0,0.0,0.08823,0,0,0.10041,-1.4,8.04205,0.0,0.0,0.0,0.0,0.0,0.0
human_score 0.08823529411764706
wins_total 3/34
g1_num_particles 100000
g2_num_particles 100000

Image Creator Information
param_2 400 400 800 400
param_2 400 400 800 400
param_2 400 400 800 400
