SPAM Particle Information
sdss_name 587722984435351614
generation 0
run_number 625
model_name 2lk6p1thy4phr76pjnw_0000
model_data -9.93853,-4.5805,-13.70034,-2.69836,0.20318,4.67255,24.46759,24.94363,2.08785,3.47508,295.50522,34.24263,222.65112,128.8084,0.3,0.3,0.0,0.0,0.0,0.0,0.0,0.0,0.08823,0,0,0.49116,-29.71999,3.81505,0.0,0.0,0.0,0.0,0.0,0.0
human_score 0.08823529411764706
wins_total 3/34
g1_num_particles 100000
g2_num_particles 100000

Image Creator Information
param_2 400 400 800 399
param_2 400 400 800 399
param_2 400 400 800 399
