SPAM Particle Information
sdss_name 587722984435351614
generation 0
run_number 629
model_name 6n85l7wj08mf0mvxp2i_0006
model_data -9.93853,-4.5805,4.26735,-2.59909,-0.21281,-6.45174,34.06734,15.37533,4.21565,4.37022,291.4448,31.63046,139.37786,117.24366,0.3,0.3,0.0,0.0,0.0,0.0,0.0,0.0,0.08823,0,0,0.2262,-2.13999,6.31706,0.0,0.0,1.0,0.0,0.0,0.0
human_score 0.08823529411764706
wins_total 3/34
g1_num_particles 100000
g2_num_particles 100000

Image Creator Information
param_2 400 400 800 399
param_2 400 400 800 399
param_2 400 400 800 399
