SPAM Particle Information
sdss_name 587722984435351614
generation 0
run_number 631
model_name 2kmygq5q7wm5ha0vexm_0011
model_data -9.93853,-4.5805,22.22189,-2.49497,-1.29662,5.11623,20.8289,25.94518,3.86392,3.34636,302.13864,28.49176,220.6968,129.24314,0.3,0.3,0.0,0.0,0.0,0.0,0.0,0.0,0.08571,0,0,0.85997,-2.73999,2.24666,0.0,0.0,1.0,0.0,0.0,0.0
human_score 0.08571428571428572
wins_total 3/35
g1_num_particles 100000
g2_num_particles 100000

Image Creator Information
param_2 400 400 800 399
param_2 400 400 800 399
param_2 400 400 800 399
