SPAM Particle Information
sdss_name 587722984435351614
generation 0
run_number 637
model_name 1ry1ckzr0sgqq9ukenc2_0004
model_data -9.93853,-4.5805,-7.15801,-0.39602,-2.58052,-6.5488,34.56917,10.46005,3.31961,4.73433,307.81856,28.97191,41.19203,295.53463,0.3,0.3,0.0,0.0,0.0,0.0,0.0,0.0,0.08571,0,0,0.13069,-24.01999,10.66155,0.0,0.0,1.0,1.0,0.0,0.0
human_score 0.08571428571428572
wins_total 3/35
g1_num_particles 100000
g2_num_particles 100000

Image Creator Information
param_2 400 400 800 399
param_2 400 400 800 399
param_2 400 400 800 399
