SPAM Particle Information
sdss_name 587722984435351614
generation 0
run_number 641
model_name 6m315c2oxct2t5gvf3k_0003
model_data -9.93853,-4.5805,14.18174,-2.24756,-1.6453,3.35239,13.48686,12.19835,4.12233,3.51447,291.09893,22.01686,230.58103,292.07418,0.3,0.3,0.0,0.0,0.0,0.0,0.0,0.0,0.08571,0,0,0.65691,-4.21999,2.61755,0.0,0.0,0.0,0.0,0.0,0.0
human_score 0.08571428571428572
wins_total 3/35
g1_num_particles 100000
g2_num_particles 100000

Image Creator Information
param_2 400 400 800 399
param_2 400 400 800 399
param_2 400 400 800 399
