SPAM Particle Information
sdss_name 587722984435351614
generation 0
run_number 645
model_name 1mcx9mhrv2u7tp114r_0000
model_data -9.93853,-4.5805,13.98441,-0.38006,-2.01283,-5.34346,33.58866,21.88829,4.29576,4.36096,295.45495,21.03677,42.744,302.98839,0.3,0.3,0.0,0.0,0.0,0.0,0.0,0.0,0.08571,0,0,0.29321,-24.95999,6.38137,0.0,1.0,0.0,1.0,0.0,0.0
human_score 0.08571428571428572
wins_total 3/35
g1_num_particles 100000
g2_num_particles 100000

Image Creator Information
param_2 400 400 800 399
param_2 400 400 800 399
param_2 400 400 800 399
