SPAM Particle Information
sdss_name 587722984435351614
generation 0
run_number 652
model_name 6doot7zvgjyj5216akg_0002
model_data -9.93853,-4.5805,15.51469,-2.10954,2.24551,-7.20353,30.68467,9.63971,3.68235,4.88054,297.16101,38.95468,125.54128,294.36074,0.3,0.3,0.0,0.0,0.0,0.0,0.0,0.0,0.08571,0,0,0.01531,0.0,19.08177,0.0,0.0,1.0,1.0,0.0,0.0
human_score 0.08571428571428572
wins_total 3/35
g1_num_particles 100000
g2_num_particles 100000

Image Creator Information
param_2 400 400 800 400
param_2 400 400 800 400
param_2 400 400 800 400
