SPAM Particle Information
sdss_name 587722984435351614
generation 0
run_number 655
model_name 1pwb4im8ccn0et13aep_0000
model_data -9.93853,-4.5805,-0.46434,3.08608,1.20568,-1.22956,31.03365,21.61738,1.45952,2.59108,300.46342,24.96144,38.32794,120.46097,0.3,0.3,0.0,0.0,0.0,0.0,0.0,0.0,0.08571,0,0,0.26571,-19.43999,6.24119,0.0,0.0,0.0,0.0,0.0,0.0
human_score 0.08571428571428572
wins_total 3/35
g1_num_particles 100000
g2_num_particles 100000

Image Creator Information
param_2 400 400 800 400
param_2 400 400 800 400
param_2 400 400 800 400
