SPAM Particle Information
sdss_name 587722984435351614
generation 0
run_number 657
model_name 9nctqu52sab0ai3d2j_0006
model_data -9.93853,-4.5805,7.29567,-2.74994,-1.16184,20.59874,36.16015,11.15454,1.83181,3.28717,294.89722,26.87041,320.01339,117.84676,0.3,0.3,0.0,0.0,0.0,0.0,0.0,0.0,0.08571,0,0,0.92311,-23.89999,2.9534,0.0,0.0,1.0,0.0,0.0,0.0
human_score 0.08571428571428572
wins_total 3/35
g1_num_particles 100000
g2_num_particles 100000

Image Creator Information
param_2 400 400 800 399
param_2 400 400 800 399
param_2 400 400 800 399
