SPAM Particle Information
sdss_name 587722984435351614
generation 0
run_number 661
model_name 1tvmhvdz5wi02c28ww6l_0016
model_data -9.93853,-4.5805,12.21588,-3.0258,-2.66818,-0.47726,29.8591,8.37001,3.78445,2.85392,293.15925,19.68853,223.16335,295.77078,0.3,0.3,0.0,0.0,0.0,0.0,0.0,0.0,0.08571,0,0,0.63997,-2.79999,2.87073,0.0,0.0,0.0,0.0,0.0,0.0
human_score 0.08571428571428572
wins_total 3/35
g1_num_particles 100000
g2_num_particles 100000

Image Creator Information
param_2 400 400 800 399
param_2 400 400 800 399
param_2 400 400 800 399
