SPAM Particle Information
sdss_name 587722984435351614
generation 0
run_number 689
model_name qvuj65hwzxprg96kf92_0005
model_data -9.93853,-4.5805,12.38086,-2.40833,-0.83542,9.40969,13.64782,17.14858,4.31211,4.13513,293.18782,23.63297,38.03606,238.82792,0.3,0.3,0.0,0.0,0.0,0.0,0.0,0.0,0.08571,0,0,0.96755,-4.49999,2.34776,0.0,0.0,1.0,0.0,0.0,0.0
human_score 0.08571428571428572
wins_total 3/35
g1_num_particles 100000
g2_num_particles 100000

Image Creator Information
param_2 400 400 800 400
param_2 400 400 800 400
param_2 400 400 800 400
