SPAM Particle Information
sdss_name 587722984435351614
generation 0
run_number 693
model_name m5obqh5r3cxn9vhp9hd_0000
model_data -9.93853,-4.5805,-23.13669,0.9229,-2.03306,8.20583,32.16383,31.09356,3.05057,3.35827,304.60226,28.1651,320.83888,119.97906,0.3,0.3,0.0,0.0,0.0,0.0,0.0,0.0,0.08571,0,0,0.08711,-27.65999,11.9573,0.0,0.0,0.0,0.0,0.0,0.0
human_score 0.08571428571428572
wins_total 3/35
g1_num_particles 100000
g2_num_particles 100000

Image Creator Information
param_2 400 400 800 400
param_2 400 400 800 400
param_2 400 400 800 400
