SPAM Particle Information
sdss_name 587722984435351614
generation 0
run_number 696
model_name qzrqnt3i4ranqboqmv1_0000
model_data -9.93853,-4.5805,10.01448,-1.14018,-1.65052,-4.83444,31.33134,23.7487,3.92078,3.73911,299.34827,28.30597,45.89739,56.3351,0.3,0.3,0.0,0.0,0.0,0.0,0.0,0.0,0.08571,0,0,0.79944,-5.29999,3.56614,0.0,1.0,0.0,2.0,0.0,0.0
human_score 0.08571428571428572
wins_total 3/35
g1_num_particles 100000
g2_num_particles 100000

Image Creator Information
param_2 400 400 800 400
param_2 400 400 800 400
param_2 400 400 800 400
