SPAM Particle Information
sdss_name 587722984435351614
generation 0
run_number 709
model_name 2tdq3uy3ocbwdc79jre_0000
model_data -9.93853,-4.5805,12.12899,-1.11585,-0.27758,0.32027,10.61483,29.80019,4.66859,4.02614,296.18652,23.93334,133.98744,229.49939,0.3,0.3,0.0,0.0,0.0,0.0,0.0,0.0,0.08333,0,0,2.48999,-6.78,1.49221,0.0,0.0,0.0,0.0,0.0,0.0
human_score 0.08333333333333333
wins_total 3/36
g1_num_particles 100000
g2_num_particles 100000

Image Creator Information
param_2 400 400 799 399
param_2 400 400 799 399
param_2 400 400 799 399
