SPAM Particle Information
sdss_name 587722984435351614
generation 0
run_number 722
model_name 1sa9fmqnrjmj1ilgcizg_0004
model_data -9.93853,-4.5805,0.77946,-2.42039,-2.61668,-9.33149,17.37302,22.36613,1.67429,2.70389,293.67098,25.19735,36.34555,51.45429,0.3,0.3,0.0,0.0,0.0,0.0,0.0,0.0,0.08333,0,0,0.7739,-2.73999,3.01013,0.0,1.0,0.0,0.0,0.0,0.0
human_score 0.08333333333333333
wins_total 3/36
g1_num_particles 100000
g2_num_particles 100000

Image Creator Information
param_2 400 400 800 399
param_2 400 400 800 399
param_2 400 400 800 399
