SPAM Particle Information
sdss_name 587722984435351614
generation 0
run_number 724
model_name 1u0tl07v7k9ivm8nx4nl_0007
model_data -9.93853,-4.5805,10.75667,-1.40328,-0.55042,7.36791,12.79735,17.52181,3.39628,2.89262,300.22724,22.08977,45.76649,64.30855,0.3,0.3,0.0,0.0,0.0,0.0,0.0,0.0,0.08333,0,0,11.44876,-5.25999,0.51496,0.0,1.0,1.0,0.0,0.0,0.0
human_score 0.08333333333333333
wins_total 3/36
g1_num_particles 100000
g2_num_particles 100000

Image Creator Information
param_2 400 400 800 399
param_2 400 400 800 399
param_2 400 400 800 399
