SPAM Particle Information
sdss_name 587722984435351614
generation 0
run_number 734
model_name 2ooi30c22u21kyjf0m7_0002
model_data -9.93853,-4.5805,-23.99214,2.47325,0.92973,20.59874,34.95138,24.8963,4.56171,4.31698,299.12721,23.39338,47.97175,52.49641,0.3,0.3,0.0,0.0,0.0,0.0,0.0,0.0,0.05882,0,0,0.02548,-2.83999,17.29406,0.0,1.0,1.0,1.0,0.0,0.0
human_score 0.058823529411764705
wins_total 2/34
g1_num_particles 100000
g2_num_particles 100000

Image Creator Information
param_2 400 400 800 399
param_2 400 400 800 399
param_2 400 400 800 399
