SPAM Particle Information
sdss_name 587722984435351614
generation 0
run_number 736
model_name 2kmygq5q7wm5ha0vexm_0017
model_data -9.93853,-4.5805,2.84977,-1.63917,-0.85352,-1.21294,11.7538,24.06749,1.49371,2.59781,305.48566,19.89042,227.04309,118.39537,0.3,0.3,0.0,0.0,0.0,0.0,0.0,0.0,0.05882,0,0,1.49302,-24.93999,2.01201,0.0,0.0,0.0,0.0,0.0,0.0
human_score 0.058823529411764705
wins_total 2/34
g1_num_particles 100000
g2_num_particles 100000

Image Creator Information
param_2 400 400 800 400
param_2 400 400 800 400
param_2 400 400 800 400
