SPAM Particle Information
sdss_name 587722984435351614
generation 0
run_number 739
model_name 7bdxhai19x979b7tv7_0004
model_data -10.00349,-4.73481,16.57766,-2.2138,-1.93433,-2.27786,34.16428,21.67033,2.24468,3.44551,351.48538,40.28868,40.59347,289.55903,0.3,0.3,0.0,0.0,0.0,0.0,0.0,0.0,0.05882,0,0,0.28906,-2.17999,4.44157,0.0,0.0,0.0,0.0,0.0,0.0
human_score 0.058823529411764705
wins_total 2/34
g1_num_particles 100000
g2_num_particles 100000

Image Creator Information
param_2 400 400 800 399
param_2 400 400 800 399
param_2 400 400 800 399
