SPAM Particle Information
sdss_name 587722984435351614
generation 0
run_number 744
model_name 6m315c2oxct2t5gvf3k_0001
model_data -9.93853,-4.5805,14.93248,-0.96696,-1.59368,-9.84229,11.35461,16.78689,4.37957,4.05104,299.55207,26.32821,312.77589,55.17223,0.3,0.3,0.0,0.0,0.0,0.0,0.0,0.0,0.05882,0,0,0.34295,-5.17999,4.19323,0.0,0.0,0.0,0.0,0.0,0.0
human_score 0.058823529411764705
wins_total 2/34
g1_num_particles 100000
g2_num_particles 100000

Image Creator Information
param_2 400 400 800 400
param_2 400 400 800 400
param_2 400 400 800 400
