SPAM Particle Information
sdss_name 587722984435351614
generation 0
run_number 748
model_name 2h21rwwuhbcov1bw2by_0001
model_data -9.93853,-4.5805,20.33782,-2.06079,-1.11354,-7.40337,34.08025,24.88383,1.83077,4.3096,302.17673,37.44918,43.67686,242.95227,0.3,0.3,0.0,0.0,0.0,0.0,0.0,0.0,0.05882,0,0,16.04078,-3.39999,0.49189,0.0,0.0,0.0,0.0,0.0,0.0
human_score 0.058823529411764705
wins_total 2/34
g1_num_particles 100000
g2_num_particles 100000

Image Creator Information
param_2 400 400 800 399
param_2 400 400 800 399
param_2 400 400 800 399
