SPAM Particle Information
sdss_name 587722984435351614
generation 0
run_number 753
model_name qfdc22zvp0fye62khv6_0003
model_data -9.93853,-4.5805,18.24541,-0.45643,-0.93499,-6.2509,26.65648,18.86258,1.99627,2.61262,308.57751,35.47742,135.32302,62.61264,0.3,0.3,0.0,0.0,0.0,0.0,0.0,0.0,0.05882,0,0,0.53209,-5.25999,3.81045,0.0,0.0,1.0,0.0,0.0,0.0
human_score 0.058823529411764705
wins_total 2/34
g1_num_particles 100000
g2_num_particles 100000

Image Creator Information
param_2 400 400 800 400
param_2 400 400 800 400
param_2 400 400 800 400
