SPAM Particle Information
sdss_name 587722984435351614
generation 0
run_number 755
model_name 6f52fv4c99vttqroh9a_0002
model_data -9.93853,-4.5805,12.18014,-2.301,-1.47128,-2.50471,13.84322,28.31533,3.25038,3.31624,309.32894,31.84797,145.34062,298.58979,0.3,0.3,0.0,0.0,0.0,0.0,0.0,0.0,0.05882,0,0,0.27125,-2.23999,4.46082,0.0,0.0,1.0,1.0,0.0,0.0
human_score 0.058823529411764705
wins_total 2/34
g1_num_particles 100000
g2_num_particles 100000

Image Creator Information
param_2 400 400 800 399
param_2 400 400 800 399
param_2 400 400 800 399
