SPAM Particle Information
sdss_name 587722984435351614
generation 0
run_number 757
model_name 2p06snnj5f3n7hvh68d_0003
model_data -9.93853,-4.5805,-0.80038,-0.63556,-1.48935,7.35929,21.75104,26.65786,3.47059,2.99051,296.31353,20.34302,311.97524,115.41914,0.3,0.3,0.0,0.0,0.0,0.0,0.0,0.0,0.05882,0,0,0.35032,-24.29999,6.39308,0.0,0.0,0.0,0.0,0.0,0.0
human_score 0.058823529411764705
wins_total 2/34
g1_num_particles 100000
g2_num_particles 100000

Image Creator Information
param_2 400 400 800 400
param_2 400 400 800 400
param_2 400 400 800 400
