SPAM Particle Information
sdss_name 587722984435351614
generation 0
run_number 758
model_name 1rbrgxig90gf19q1c5rj_0000
model_data -9.93853,-4.5805,20.03307,-1.74322,-2.81229,20.59874,29.35765,25.05702,2.93588,4.31979,290.85915,29.28873,6.6055,29.72477,0.3,0.3,0.0,0.0,0.0,0.0,0.0,0.0,0.05882,0,0,0.23748,-2.77999,5.06226,0.0,1.0,1.0,2.0,0.0,0.0
human_score 0.058823529411764705
wins_total 2/34
g1_num_particles 100000
g2_num_particles 100000

Image Creator Information
param_2 400 400 800 399
param_2 400 400 800 399
param_2 400 400 800 399
