SPAM Particle Information
sdss_name 587722984435351614
generation 0
run_number 769
model_name p7kklkcqfr109ka0699_0001
model_data -9.93853,-4.5805,21.14226,-2.98371,-2.36851,3.28192,27.86711,13.32971,3.71571,4.43269,291.51603,36.62485,309.72875,294.94778,0.3,0.3,0.0,0.0,0.0,0.0,0.0,0.0,0.05882,0,0,0.8549,-2.53999,2.10297,0.0,0.0,1.0,1.0,0.0,0.0
human_score 0.058823529411764705
wins_total 2/34
g1_num_particles 100000
g2_num_particles 100000

Image Creator Information
param_2 400 400 800 400
param_2 400 400 800 400
param_2 400 400 800 400
