SPAM Particle Information
sdss_name 587722984435351614
generation 0
run_number 784
model_name 1rzodrgasif1c31ih2j2_0014
model_data -9.93853,-4.5805,7.70708,-1.4321,-0.2379,-9.21015,18.82722,27.43067,3.33546,2.84033,293.8033,30.53419,322.81781,50.26457,0.3,0.3,0.0,0.0,0.0,0.0,0.0,0.0,0.05882,0,0,0.07015,-1.26,9.07765,0.0,0.0,1.0,1.0,0.0,0.0
human_score 0.058823529411764705
wins_total 2/34
g1_num_particles 100000
g2_num_particles 100000

Image Creator Information
param_2 400 400 800 400
param_2 400 400 800 400
param_2 400 400 800 400
