SPAM Particle Information
sdss_name 587722984435351614
generation 0
run_number 786
model_name 6txceejgneukzanmq1s_0006
model_data -9.93853,-4.5805,11.57485,-2.35901,-1.65011,-0.09228,15.59439,17.54652,3.52109,2.84878,297.80433,28.35179,41.40774,119.20501,0.3,0.3,0.0,0.0,0.0,0.0,0.0,0.0,0.05882,0,0,0.15437,-4.63999,7.48928,0.0,0.0,0.0,0.0,0.0,0.0
human_score 0.058823529411764705
wins_total 2/34
g1_num_particles 100000
g2_num_particles 100000

Image Creator Information
param_2 400 400 800 400
param_2 400 400 800 400
param_2 400 400 800 400
