SPAM Particle Information
sdss_name 587722984435351614
generation 0
run_number 787
model_name 1tflyx57s4hzitwufpam_0003
model_data -9.93853,-4.5805,16.47116,1.97353,-1.16227,-5.20153,32.40887,8.96184,3.10709,4.24227,293.48733,19.87717,225.67031,123.0161,0.3,0.3,0.0,0.0,0.0,0.0,0.0,0.0,0.05882,0,0,0.01201,0.0,19.92908,0.0,0.0,0.0,0.0,0.0,0.0
human_score 0.058823529411764705
wins_total 2/34
g1_num_particles 100000
g2_num_particles 100000

Image Creator Information
param_2 400 400 800 399
param_2 400 400 800 399
param_2 400 400 800 399
