SPAM Particle Information
sdss_name 587722984435351614
generation 0
run_number 792
model_name 1svryp1ir27uenb2npgz_0000
model_data -9.93853,-4.5805,3.16026,-2.76203,1.12933,2.36354,14.13551,20.84579,3.50224,4.87018,303.35574,21.3073,136.00232,229.63633,0.3,0.3,0.0,0.0,0.0,0.0,0.0,0.0,0.05882,0,0,0.11986,-2.35999,9.1798,0.0,0.0,1.0,1.0,0.0,0.0
human_score 0.058823529411764705
wins_total 2/34
g1_num_particles 100000
g2_num_particles 100000

Image Creator Information
param_2 400 400 800 399
param_2 400 400 800 399
param_2 400 400 800 399
