SPAM Particle Information
sdss_name 587722984435351614
generation 0
run_number 795
model_name 2wdlquwenkmphp9jvpa_0002
model_data -9.93853,-4.5805,10.27678,-2.28183,-2.7583,-7.56955,34.54616,27.40602,2.53384,4.46005,306.51416,32.46897,324.83985,295.34218,0.3,0.3,0.0,0.0,0.0,0.0,0.0,0.0,0.05882,0,0,0.36928,-28.07999,4.55096,0.0,0.0,0.0,0.0,0.0,0.0
human_score 0.058823529411764705
wins_total 2/34
g1_num_particles 100000
g2_num_particles 100000

Image Creator Information
param_2 400 400 800 399
param_2 400 400 800 399
param_2 400 400 800 399
