SPAM Particle Information
sdss_name 587722984435351614
generation 0
run_number 796
model_name 2ooi30c22u21kyjf0m7_0007
model_data -9.93853,-4.5805,10.7345,0.99235,-0.51178,20.59874,14.76209,17.66956,3.02878,4.97978,295.03328,36.68083,218.60359,230.7586,0.3,0.3,0.0,0.0,0.0,0.0,0.0,0.0,0.05714,0,0,0.12036,-27.39999,7.85045,0.0,0.0,1.0,0.0,0.0,0.0
human_score 0.05714285714285714
wins_total 2/35
g1_num_particles 100000
g2_num_particles 100000

Image Creator Information
param_2 400 400 800 399
param_2 400 400 800 399
param_2 400 400 800 399
