SPAM Particle Information
sdss_name 587722984435351614
generation 0
run_number 805
model_name qsw161q205in1ltlx74_0008
model_data -9.93853,-4.5805,0.65497,0.03214,-1.37852,8.66107,27.66271,18.05851,2.70864,3.33786,304.17812,35.88529,220.10746,54.95836,0.3,0.3,0.0,0.0,0.0,0.0,0.0,0.0,0.05714,0,0,0.67692,-24.67999,4.05303,0.0,0.0,0.0,0.0,0.0,0.0
human_score 0.05714285714285714
wins_total 2/35
g1_num_particles 100000
g2_num_particles 100000

Image Creator Information
param_2 400 400 800 399
param_2 400 400 800 399
param_2 400 400 800 399
