SPAM Particle Information
sdss_name 587722984435351614
generation 0
run_number 806
model_name 6lv46iyh1s3564cqoin_0002
model_data -9.93853,-4.5805,20.81015,-2.24304,-0.18947,7.75781,30.01254,30.37812,3.07017,4.07808,308.74061,25.33689,132.38502,113.12124,0.3,0.3,0.0,0.0,0.0,0.0,0.0,0.0,0.05714,0,0,1.70099,-27.35999,1.95676,0.0,0.0,0.0,0.0,0.0,0.0
human_score 0.05714285714285714
wins_total 2/35
g1_num_particles 100000
g2_num_particles 100000

Image Creator Information
param_2 400 400 800 399
param_2 400 400 800 399
param_2 400 400 800 399
