SPAM Particle Information
sdss_name 587722984435351614
generation 0
run_number 808
model_name 6lvwyi56otje4qrwb4m_0000
model_data -9.93853,-4.5805,-19.20137,1.18631,-2.04611,20.59874,24.93695,20.29421,3.33299,3.81142,308.62487,29.89581,225.29831,117.89477,0.3,0.3,0.0,0.0,0.0,0.0,0.0,0.0,0.05714,0,0,0.01963,-29.99999,18.60501,0.0,0.0,0.0,1.0,0.0,0.0
human_score 0.05714285714285714
wins_total 2/35
g1_num_particles 100000
g2_num_particles 100000

Image Creator Information
param_2 400 400 800 400
param_2 400 400 800 400
param_2 400 400 800 400
