SPAM Particle Information
sdss_name 587722984435351614
generation 0
run_number 810
model_name p47op8l021fvhx6k8mn_0007
model_data -9.93853,-4.5805,2.93969,-1.26328,-0.10064,3.00001,34.42077,21.03852,3.42508,3.66218,301.55859,23.14363,43.47475,295.97791,0.3,0.3,0.0,0.0,0.0,0.0,0.0,0.0,0.05714,0,0,0.24891,-3.03999,7.48941,0.0,0.0,0.0,0.0,0.0,0.0
human_score 0.05714285714285714
wins_total 2/35
g1_num_particles 100000
g2_num_particles 100000

Image Creator Information
param_2 400 400 800 400
param_2 400 400 800 400
param_2 400 400 800 400
