SPAM Particle Information
sdss_name 587722984435351614
generation 0
run_number 815
model_name 1twdqs65humumfngntpf_0010
model_data -9.93853,-4.5805,14.32599,-1.64157,-1.83466,-0.32982,15.33012,14.93331,4.44054,3.9848,295.65409,23.87856,39.1972,247.84987,0.3,0.3,0.0,0.0,0.0,0.0,0.0,0.0,0.05714,0,0,0.22027,-5.31999,5.72573,0.0,0.0,1.0,1.0,0.0,0.0
human_score 0.05714285714285714
wins_total 2/35
g1_num_particles 100000
g2_num_particles 100000

Image Creator Information
param_2 400 400 800 400
param_2 400 400 800 400
param_2 400 400 800 400
