SPAM Particle Information
sdss_name 587722984435351614
generation 0
run_number 816
model_name me3yy1b1m278azcjn19_0002
model_data -9.93853,-4.5805,24.33057,-0.7887,-1.28821,-7.55348,14.54817,15.11367,3.71816,4.90016,298.57181,28.48829,44.71714,303.2971,0.3,0.3,0.0,0.0,0.0,0.0,0.0,0.0,0.05714,0,0,0.27078,-5.45999,4.29666,0.0,1.0,1.0,1.0,0.0,0.0
human_score 0.05714285714285714
wins_total 2/35
g1_num_particles 100000
g2_num_particles 100000

Image Creator Information
param_2 400 400 800 399
param_2 400 400 800 399
param_2 400 400 800 399
