SPAM Particle Information
sdss_name 587722984435351614
generation 0
run_number 820
model_name r3zi4q2i88338o4wgb8_0005
model_data -9.93853,-4.5805,-2.73638,-1.24291,1.24705,-0.26456,30.98443,21.05194,2.30425,4.74571,293.45561,27.53457,132.34013,58.88918,0.3,0.3,0.0,0.0,0.0,0.0,0.0,0.0,0.05714,0,0,0.37608,-24.47999,6.34829,0.0,0.0,1.0,0.0,0.0,0.0
human_score 0.05714285714285714
wins_total 2/35
g1_num_particles 100000
g2_num_particles 100000

Image Creator Information
param_2 400 400 800 399
param_2 400 400 800 399
param_2 400 400 800 399
