SPAM Particle Information
sdss_name 587722984435351614
generation 0
run_number 822
model_name qv6eanux8teukbq1kub_0007
model_data -9.93853,-4.5805,14.89269,-1.46597,-2.59273,-3.98811,18.91454,16.07355,3.80634,4.08647,303.21883,35.55571,135.37227,67.06327,0.3,0.3,0.0,0.0,0.0,0.0,0.0,0.0,0.05714,0,0,0.19359,-3.39999,5.50988,0.0,0.0,1.0,0.0,0.0,0.0
human_score 0.05714285714285714
wins_total 2/35
g1_num_particles 100000
g2_num_particles 100000

Image Creator Information
param_2 400 400 800 399
param_2 400 400 800 399
param_2 400 400 800 399
