SPAM Particle Information
sdss_name 587722984435351614
generation 0
run_number 824
model_name 6f52fv4c99vttqroh9a_0001
model_data -9.93853,-4.5805,23.36638,-2.61297,-2.52914,-2.50471,34.07342,30.40588,2.51161,3.46739,295.88897,21.86967,310.56232,301.06353,0.3,0.3,0.0,0.0,0.0,0.0,0.0,0.0,0.05714,0,0,0.71537,-2.89999,2.89489,0.0,0.0,1.0,1.0,0.0,0.0
human_score 0.05714285714285714
wins_total 2/35
g1_num_particles 100000
g2_num_particles 100000

Image Creator Information
param_2 400 400 800 399
param_2 400 400 800 399
param_2 400 400 800 399
