SPAM Particle Information
sdss_name 587722984435351614
generation 0
run_number 830
model_name 1twnkyal1cfcplnlz4j_0001
model_data -9.93853,-4.5805,19.23797,-0.07785,-0.82309,20.59874,23.80726,31.38664,2.24024,3.15384,291.38903,38.88214,233.98113,129.12813,0.3,0.3,0.0,0.0,0.0,0.0,0.0,0.0,0.05714,0,0,0.89666,-6.44,3.07958,0.0,0.0,0.0,0.0,0.0,0.0
human_score 0.05714285714285714
wins_total 2/35
g1_num_particles 100000
g2_num_particles 100000

Image Creator Information
param_2 400 400 800 399
param_2 400 400 800 399
param_2 400 400 800 399
