SPAM Particle Information
sdss_name 587722984435351614
generation 0
run_number 833
model_name 2isa2bpumpippge5so1_0003
model_data -9.93853,-4.5805,15.50987,-2.07929,-2.58105,-7.79783,30.47792,29.07786,2.67652,4.34297,301.8699,29.33878,324.78031,51.05524,0.3,0.3,0.0,0.0,0.0,0.0,0.0,0.0,0.05714,0,0,0.54126,-2.71999,3.61873,0.0,0.0,1.0,0.0,0.0,0.0
human_score 0.05714285714285714
wins_total 2/35
g1_num_particles 100000
g2_num_particles 100000

Image Creator Information
param_2 400 400 800 400
param_2 400 400 800 400
param_2 400 400 800 400
