SPAM Particle Information
sdss_name 587722984435351614
generation 0
run_number 835
model_name r46ht5l3wj43je9tt87_0005
model_data -9.93853,-4.5805,-18.09235,-1.59029,-0.89677,2.36973,18.51137,23.62401,2.89226,2.67226,300.8814,30.48569,48.27961,293.26219,0.3,0.3,0.0,0.0,0.0,0.0,0.0,0.0,0.05714,0,0,9.41975,-4.11999,0.61641,0.0,0.0,1.0,0.0,0.0,0.0
human_score 0.05714285714285714
wins_total 2/35
g1_num_particles 100000
g2_num_particles 100000

Image Creator Information
param_2 400 400 800 400
param_2 400 400 800 400
param_2 400 400 800 400
