SPAM Particle Information
sdss_name 587722984435351614
generation 0
run_number 837
model_name 1shqesxabkbcf11048z7_0001
model_data -9.93853,-4.5805,10.451,-3.13349,-0.97268,20.59874,12.04518,20.1398,2.39338,3.1744,310.90375,33.20732,134.73852,236.71199,0.3,0.3,0.0,0.0,0.0,0.0,0.0,0.0,0.05714,0,0,0.06941,-1.34,6.72419,0.0,0.0,0.0,0.0,0.0,0.0
human_score 0.05714285714285714
wins_total 2/35
g1_num_particles 100000
g2_num_particles 100000

Image Creator Information
param_2 400 400 800 399
param_2 400 400 800 399
param_2 400 400 800 399
