SPAM Particle Information
sdss_name 587722984435351614
generation 0
run_number 840
model_name 1s3qm99lh6mjb0q3oqgg_0019
model_data -9.93853,-4.5805,21.05607,-2.97773,0.27866,-4.70055,27.66834,26.54804,3.57462,3.21232,306.47167,31.76405,323.02228,306.69669,0.3,0.3,0.0,0.0,0.0,0.0,0.0,0.0,0.05714,0,0,0.33267,-3.59999,4.57814,0.0,1.0,0.0,0.0,0.0,0.0
human_score 0.05714285714285714
wins_total 2/35
g1_num_particles 100000
g2_num_particles 100000

Image Creator Information
param_2 400 400 800 400
param_2 400 400 800 400
param_2 400 400 800 400
