SPAM Particle Information
sdss_name 587722984435351614
generation 0
run_number 841
model_name 1rv61wb4yvwdxojk6jqt_0007
model_data -9.93853,-4.5805,24.45695,-3.03354,-0.84504,-5.89202,17.77493,16.58753,2.95101,3.25249,299.31016,21.49244,315.38606,235.49125,0.3,0.3,0.0,0.0,0.0,0.0,0.0,0.0,0.05714,0,0,0.66229,-3.83999,2.47076,0.0,0.0,0.0,0.0,0.0,0.0
human_score 0.05714285714285714
wins_total 2/35
g1_num_particles 100000
g2_num_particles 100000

Image Creator Information
param_2 400 400 800 400
param_2 400 400 800 400
param_2 400 400 800 400
