SPAM Particle Information
sdss_name 587722984435351614
generation 0
run_number 842
model_name p7esl68433sy7uh4fd6_0001
model_data -9.93853,-4.5805,-14.15913,-0.55542,-1.0541,1.95917,22.46188,23.62708,2.82568,4.81538,291.36483,29.58559,221.06426,245.41758,0.3,0.3,0.0,0.0,0.0,0.0,0.0,0.0,0.05714,0,0,0.20951,-3.55999,6.23416,0.0,0.0,1.0,0.0,0.0,0.0
human_score 0.05714285714285714
wins_total 2/35
g1_num_particles 100000
g2_num_particles 100000

Image Creator Information
param_2 400 400 800 400
param_2 400 400 800 400
param_2 400 400 800 400
