SPAM Particle Information
sdss_name 587722984435351614
generation 0
run_number 843
model_name p7esl68433sy7uh4fd6_0002
model_data -9.93853,-4.5805,22.95689,-2.348,0.63736,1.95917,20.91126,28.2033,2.78978,3.65474,303.49546,28.56671,226.28421,297.01391,0.3,0.3,0.0,0.0,0.0,0.0,0.0,0.0,0.05714,0,0,0.18905,-3.51999,5.7026,0.0,0.0,1.0,0.0,0.0,0.0
human_score 0.05714285714285714
wins_total 2/35
g1_num_particles 100000
g2_num_particles 100000

Image Creator Information
param_2 400 400 800 400
param_2 400 400 800 400
param_2 400 400 800 400
