SPAM Particle Information
sdss_name 587722984435351614
generation 0
run_number 847
model_name pp019je6ayfm4b6dvr6_0011
model_data -9.93853,-4.5805,12.45868,-2.56286,0.12462,6.11683,13.38149,31.13883,4.25339,4.7229,309.45003,30.70126,314.44518,301.85728,0.3,0.3,0.0,0.0,0.0,0.0,0.0,0.0,0.05714,0,0,0.21781,-2.43999,5.33856,0.0,0.0,1.0,0.0,0.0,0.0
human_score 0.05714285714285714
wins_total 2/35
g1_num_particles 100000
g2_num_particles 100000

Image Creator Information
param_2 400 400 800 399
param_2 400 400 800 399
param_2 400 400 800 399
