SPAM Particle Information
sdss_name 587722984435351614
generation 0
run_number 852
model_name oyqx1yp9to0a7m2ml2z_0000
model_data -9.93853,-4.5805,-19.79804,-2.8402,2.58709,20.59874,14.83085,12.65886,3.01254,2.91967,309.56307,35.56302,138.64731,247.80099,0.3,0.3,0.0,0.0,0.0,0.0,0.0,0.0,0.05714,0,0,0.02647,-2.89999,12.2874,0.0,0.0,0.0,0.0,0.0,0.0
human_score 0.05714285714285714
wins_total 2/35
g1_num_particles 100000
g2_num_particles 100000

Image Creator Information
param_2 400 400 800 399
param_2 400 400 800 399
param_2 400 400 800 399
