SPAM Particle Information
sdss_name 587722984435351614
generation 0
run_number 860
model_name 1xcw6xl9dugb5xodqvjd_0002
model_data -9.93853,-4.5805,23.77445,-0.57339,-1.31486,-0.13222,36.48513,29.84304,3.25253,3.52774,291.27019,22.38448,233.77604,122.77984,0.3,0.3,0.0,0.0,0.0,0.0,0.0,0.0,0.05714,0,0,0.15376,-2.97999,6.76508,0.0,0.0,0.0,0.0,0.0,0.0
human_score 0.05714285714285714
wins_total 2/35
g1_num_particles 100000
g2_num_particles 100000

Image Creator Information
param_2 400 400 800 399
param_2 400 400 800 399
param_2 400 400 800 399
