SPAM Particle Information
sdss_name 587722984435351614
generation 0
run_number 862
model_name 7p5tjonbhrzuam4grk9_0008
model_data -9.93853,-4.5805,21.00108,-0.81595,-2.12033,-5.02943,35.66423,28.56686,3.52339,3.46174,302.31024,35.402,311.59517,54.14634,0.3,0.3,0.0,0.0,0.0,0.0,0.0,0.0,0.05714,0,0,0.20832,-3.11999,6.06881,0.0,0.0,1.0,0.0,0.0,0.0
human_score 0.05714285714285714
wins_total 2/35
g1_num_particles 100000
g2_num_particles 100000

Image Creator Information
param_2 400 400 799 399
param_2 400 400 799 399
param_2 400 400 799 399
