SPAM Particle Information
sdss_name 587722984435351614
generation 0
run_number 866
model_name pyausiw2hm4bbkcqe4x_0008
model_data -9.93853,-4.5805,6.07985,-1.54025,-3.22053,7.90229,36.56785,19.01943,3.47019,3.4651,304.5625,40.75,297.3913,304.09937,0.3,0.3,0.0,0.0,0.0,0.0,0.0,0.0,0.05714,0,0,0.24872,-2.15999,6.12298,0.0,1.0,1.0,1.0,0.0,0.0
human_score 0.05714285714285714
wins_total 2/35
g1_num_particles 100000
g2_num_particles 100000

Image Creator Information
param_2 400 400 800 400
param_2 400 400 800 400
param_2 400 400 800 400
