SPAM Particle Information
sdss_name 587722984435351614
generation 0
run_number 871
model_name 6ipnnstuen6zdxxugjy_0014
model_data -9.93853,-4.5805,23.39429,-2.20411,-2.64701,-2.52558,23.0511,9.11852,3.76483,3.15586,315.8125,27.9358,347.70186,302.62304,0.3,0.3,0.0,0.0,0.0,0.0,0.0,0.0,0.05555,0,0,0.13452,-2.35999,4.61183,0.0,1.0,0.0,0.0,0.0,0.0
human_score 0.05555555555555555
wins_total 2/36
g1_num_particles 100000
g2_num_particles 100000

Image Creator Information
param_2 400 400 800 399
param_2 400 400 800 399
param_2 400 400 800 399
