SPAM Particle Information
sdss_name 587722984435351614
generation 0
run_number 872
model_name 1ulml49d0a5nr7ikcpmq_0018
model_data -9.93853,-4.5805,-1.81161,-1.47849,-0.2513,1.07782,35.30633,13.34347,1.96084,4.19227,304.53924,19.96313,226.41813,247.19793,0.3,0.3,0.0,0.0,0.0,0.0,0.0,0.0,0.05555,0,0,1.17701,-21.13999,2.74548,0.0,0.0,1.0,0.0,0.0,0.0
human_score 0.05555555555555555
wins_total 2/36
g1_num_particles 100000
g2_num_particles 100000

Image Creator Information
param_2 400 400 800 399
param_2 400 400 800 399
param_2 400 400 800 399
