SPAM Particle Information
sdss_name 587722984435351614
generation 0
run_number 876
model_name p47op8l021fvhx6k8mn_0018
model_data -9.93853,-4.5805,-0.68091,0.08923,0.01876,-5.72468,31.33975,13.36861,2.54759,4.09467,297.35053,20.46128,142.9116,123.07331,0.3,0.3,0.0,0.0,0.0,0.0,0.0,0.0,0.05555,0,0,39.92404,-19.09999,0.28269,0.0,0.0,1.0,0.0,0.0,0.0
human_score 0.05555555555555555
wins_total 2/36
g1_num_particles 100000
g2_num_particles 100000

Image Creator Information
param_2 400 400 800 400
param_2 400 400 800 400
param_2 400 400 800 400
