SPAM Particle Information
sdss_name 587722984435351614
generation 0
run_number 885
model_name 1rv61wb4yvwdxojk6jqt_0012
model_data -9.93853,-4.5805,-4.89277,-1.10018,-3.0595,7.25934,36.56785,16.98231,3.68065,3.44131,300.25,26.38796,26.83229,57.05181,0.3,0.3,0.0,0.0,0.0,0.0,0.0,0.0,0.05555,0,0,0.21499,-2.25999,6.91404,0.0,1.0,0.0,0.0,0.0,0.0
human_score 0.05555555555555555
wins_total 2/36
g1_num_particles 100000
g2_num_particles 100000

Image Creator Information
param_2 400 400 800 400
param_2 400 400 800 400
param_2 400 400 800 400
