SPAM Particle Information
sdss_name 587722984435351614
generation 0
run_number 891
model_name 1u0tl07v7k9ivm8nx4nl_0005
model_data -9.93853,-4.5805,10.75667,-0.90014,-0.28179,-9.2635,12.79735,17.52181,2.9651,6.08177,304.0,22.08977,107.32919,64.30855,0.3,0.3,0.0,0.0,0.0,0.0,0.0,0.0,0.05555,0,0,67.79652,-27.85999,0.18674,0.0,1.0,1.0,1.0,0.0,0.0
human_score 0.05555555555555555
wins_total 2/36
g1_num_particles 100000
g2_num_particles 100000

Image Creator Information
param_2 400 400 800 399
param_2 400 400 800 399
param_2 400 400 800 399
