SPAM Particle Information
sdss_name 587722984435351614
generation 0
run_number 898
model_name 1surymtmhuxnpb8gsjf6_0006
model_data -9.93853,-4.5805,-4.18367,-2.44071,-3.10088,6.73122,31.42452,12.92607,4.16537,3.94677,309.72609,24.74284,39.57294,237.871,0.3,0.3,0.0,0.0,0.0,0.0,0.0,0.0,0.05555,0,0,0.39328,-2.21999,4.32881,0.0,0.0,1.0,0.0,0.0,0.0
human_score 0.05555555555555555
wins_total 2/36
g1_num_particles 100000
g2_num_particles 100000

Image Creator Information
param_2 400 400 799 399
param_2 400 400 799 399
param_2 400 400 799 399
