SPAM Particle Information
sdss_name 587722984435351614
generation 0
run_number 902
model_name p7kklkcqfr109ka0699_0005
model_data -9.93853,-4.5805,10.37271,-3.19884,-2.12605,3.28192,33.81029,26.72875,2.59682,3.93254,295.57616,23.59026,228.76904,233.29883,0.3,0.3,0.0,0.0,0.0,0.0,0.0,0.0,0.05405,0,0,10.29645,-24.85999,0.6536,0.0,0.0,1.0,0.0,0.0,0.0
human_score 0.05405405405405406
wins_total 2/37
g1_num_particles 100000
g2_num_particles 100000

Image Creator Information
param_2 400 400 800 399
param_2 400 400 800 399
param_2 400 400 800 399
