SPAM Particle Information
sdss_name 587722984435351614
generation 0
run_number 903
model_name 33hrks83owmaiezgffg_0002
model_data -9.93853,-4.5805,22.2682,-2.68781,-3.22053,-8.93797,32.16106,30.63509,3.67142,4.80746,298.98542,38.39479,45.06125,297.93758,0.3,0.3,0.0,0.0,0.0,0.0,0.0,0.0,0.05405,0,0,0.33511,-2.31999,4.02077,0.0,1.0,1.0,1.0,0.0,0.0
human_score 0.05405405405405406
wins_total 2/37
g1_num_particles 100000
g2_num_particles 100000

Image Creator Information
param_2 400 400 800 399
param_2 400 400 800 399
param_2 400 400 800 399
