SPAM Particle Information
sdss_name 587722984435351614
generation 0
run_number 909
model_name 1ulml49d0a5nr7ikcpmq_0000
model_data -9.93853,-4.5805,16.34305,-3.08068,0.67645,-2.98818,28.93488,26.03786,3.51755,3.98099,295.3258,33.16359,324.68243,296.79033,0.3,0.3,0.0,0.0,0.0,0.0,0.0,0.0,0.02941,0,0,0.24185,-3.65999,6.03087,0.0,0.0,1.0,2.0,0.0,0.0
human_score 0.029411764705882353
wins_total 1/34
g1_num_particles 100000
g2_num_particles 100000

Image Creator Information
param_2 400 400 800 400
param_2 400 400 800 400
param_2 400 400 800 400
