SPAM Particle Information
sdss_name 587722984435351614
generation 0
run_number 910
model_name 1ulml49d0a5nr7ikcpmq_0005
model_data -9.93853,-4.5805,17.5972,-0.44526,-1.31474,-2.98818,14.80389,27.20692,4.41661,3.99717,297.05539,36.3131,316.29356,309.74702,0.3,0.3,0.0,0.0,0.0,0.0,0.0,0.0,0.02941,0,0,0.07749,-2.47999,8.17189,0.0,0.0,1.0,1.0,0.0,0.0
human_score 0.029411764705882353
wins_total 1/34
g1_num_particles 100000
g2_num_particles 100000

Image Creator Information
param_2 400 400 800 399
param_2 400 400 800 399
param_2 400 400 800 399
