SPAM Particle Information
sdss_name 587722984435351614
generation 0
run_number 914
model_name qsw161q205in1ltlx74_0006
model_data -9.93853,-4.5805,15.54559,-0.26376,-1.11119,-2.84542,16.00712,11.1458,2.21321,3.72283,296.93584,37.46592,308.5816,50.10511,0.3,0.3,0.0,0.0,0.0,0.0,0.0,0.0,0.02941,0,0,0.21005,-6.02,5.69806,0.0,0.0,0.0,0.0,0.0,0.0
human_score 0.029411764705882353
wins_total 1/34
g1_num_particles 100000
g2_num_particles 100000

Image Creator Information
param_2 400 400 800 400
param_2 400 400 800 400
param_2 400 400 800 400
