SPAM Particle Information
sdss_name 587722984435351614
generation 0
run_number 916
model_name ouj47lmbkcnae3jzpu7_0012
model_data -9.93853,-4.5805,19.76501,-1.98215,-2.73516,-4.09857,27.79199,17.65469,4.55459,4.45634,291.71648,39.45699,223.08614,51.95942,0.3,0.3,0.0,0.0,0.0,0.0,0.0,0.0,0.02941,0,0,0.22425,-3.51999,5.30343,0.0,0.0,1.0,0.0,0.0,0.0
human_score 0.029411764705882353
wins_total 1/34
g1_num_particles 100000
g2_num_particles 100000

Image Creator Information
param_2 400 400 800 400
param_2 400 400 800 400
param_2 400 400 800 400
