SPAM Particle Information
sdss_name 587722984435351614
generation 0
run_number 917
model_name ouj47lmbkcnae3jzpu7_0014
model_data -9.93853,-4.5805,7.0236,-3.2131,-0.35195,9.71301,28.75312,31.1402,4.6489,2.53086,297.19631,21.33679,134.36951,234.61233,0.3,0.3,0.0,0.0,0.0,0.0,0.0,0.0,0.02941,0,0,1.01622,-2.43999,2.7978,0.0,0.0,1.0,0.0,0.0,0.0
human_score 0.029411764705882353
wins_total 1/34
g1_num_particles 100000
g2_num_particles 100000

Image Creator Information
param_2 400 400 800 399
param_2 400 400 800 399
param_2 400 400 800 399
