SPAM Particle Information
sdss_name 587722984435351614
generation 0
run_number 919
model_name lpcq0q2pd81mjf4pteb_0000
model_data -9.93853,-4.5805,1.20973,-0.677,-0.83368,20.59874,14.93487,15.11536,2.73037,4.86908,304.33422,36.70583,310.60681,51.00817,0.3,0.3,0.0,0.0,0.0,0.0,0.0,0.0,0.02941,0,0,0.55175,-28.53999,3.90478,0.0,0.0,0.0,0.0,0.0,0.0
human_score 0.029411764705882353
wins_total 1/34
g1_num_particles 100000
g2_num_particles 100000

Image Creator Information
param_2 400 400 800 399
param_2 400 400 800 399
param_2 400 400 800 399
