SPAM Particle Information
sdss_name 587722984435351614
generation 0
run_number 922
model_name 1twdqs65humumfngntpf_0007
model_data -9.93853,-4.5805,24.19413,-2.12623,-2.63804,-6.52273,32.74331,30.15212,1.44015,4.67704,298.38514,30.3281,306.38652,303.11629,0.3,0.3,0.0,0.0,0.0,0.0,0.0,0.0,0.02941,0,0,0.39193,-3.01999,3.98321,0.0,0.0,1.0,1.0,0.0,0.0
human_score 0.029411764705882353
wins_total 1/34
g1_num_particles 100000
g2_num_particles 100000

Image Creator Information
param_2 400 400 800 399
param_2 400 400 800 399
param_2 400 400 800 399
