SPAM Particle Information
sdss_name 587722984435351614
generation 0
run_number 923
model_name 1twdqs65humumfngntpf_0021
model_data -9.93853,-4.5805,-20.12518,-2.41742,-2.35864,7.52746,19.49383,23.96158,3.18842,2.90682,294.05782,34.14539,324.82888,67.54257,0.3,0.3,0.0,0.0,0.0,0.0,0.0,0.0,0.02941,0,0,0.56631,-3.11999,2.96176,0.0,0.0,1.0,0.0,0.0,0.0
human_score 0.029411764705882353
wins_total 1/34
g1_num_particles 100000
g2_num_particles 100000

Image Creator Information
param_2 400 400 800 399
param_2 400 400 800 399
param_2 400 400 800 399
