SPAM Particle Information
sdss_name 587722984435351614
generation 0
run_number 924
model_name s7fgbpa84lue4blyvl4_0001
model_data -9.93853,-4.5805,-8.43225,-2.95887,0.40307,9.07769,11.81074,15.25504,2.78153,3.90349,296.49567,20.65813,230.33406,297.80938,0.3,0.3,0.0,0.0,0.0,0.0,0.0,0.0,0.02941,0,0,0.24602,-3.53999,4.96068,0.0,0.0,0.0,0.0,0.0,0.0
human_score 0.029411764705882353
wins_total 1/34
g1_num_particles 100000
g2_num_particles 100000

Image Creator Information
param_2 400 400 800 400
param_2 400 400 800 400
param_2 400 400 800 400
