SPAM Particle Information
sdss_name 587722984435351614
generation 0
run_number 925
model_name 27nfgats6bsco59h1pt_0000
model_data -9.93853,-4.5805,24.09251,-0.7309,-1.95462,20.59874,20.50263,12.81875,3.88448,3.98614,306.56859,20.68484,220.98378,49.60463,0.3,0.3,0.0,0.0,0.0,0.0,0.0,0.0,0.02941,0,0,0.01,0.0,26.52658,0.0,0.0,0.0,0.0,0.0,0.0
human_score 0.029411764705882353
wins_total 1/34
g1_num_particles 100000
g2_num_particles 100000

Image Creator Information
param_2 400 400 800 399
param_2 400 400 800 399
param_2 400 400 800 399
