SPAM Particle Information
sdss_name 587722984435351614
generation 0
run_number 930
model_name qq0d6mizayo0pwfuqy6_0001
model_data -9.93853,-4.5805,18.01161,-1.42567,-2.92238,-6.32879,22.56006,25.60909,3.33192,4.86759,303.79716,28.41663,314.07174,55.42097,0.3,0.3,0.0,0.0,0.0,0.0,0.0,0.0,0.02941,0,0,0.17317,-2.91999,6.01832,0.0,0.0,0.0,0.0,0.0,0.0
human_score 0.029411764705882353
wins_total 1/34
g1_num_particles 100000
g2_num_particles 100000

Image Creator Information
param_2 400 400 800 399
param_2 400 400 800 399
param_2 400 400 800 399
