SPAM Particle Information
sdss_name 587722984435351614
generation 0
run_number 935
model_name 2502si7jdv8zt78c70fr_0001
model_data -9.93853,-4.5805,-2.6316,-0.4529,-2.62656,-5.16644,13.33991,21.85228,2.63023,4.63983,306.21319,20.38537,52.59253,303.21766,0.3,0.3,0.0,0.0,0.0,0.0,0.0,0.0,0.02941,0,0,0.17613,-27.39999,7.74124,0.0,0.0,0.0,0.0,0.0,0.0
human_score 0.029411764705882353
wins_total 1/34
g1_num_particles 100000
g2_num_particles 100000

Image Creator Information
param_2 400 400 800 399
param_2 400 400 800 399
param_2 400 400 800 399
