SPAM Particle Information
sdss_name 587722984435351614
generation 0
run_number 936
model_name p18me6wsaylmytof9cv_0001
model_data -9.93853,-4.5805,-2.15576,0.99189,0.36108,-8.6584,14.11507,8.30465,3.51996,3.14164,298.08817,31.4417,143.9661,241.05508,0.3,0.3,0.0,0.0,0.0,0.0,0.0,0.0,0.02941,0,0,0.02395,0.0,11.20362,0.0,0.0,0.0,0.0,0.0,0.0
human_score 0.029411764705882353
wins_total 1/34
g1_num_particles 100000
g2_num_particles 100000

Image Creator Information
param_2 400 400 800 399
param_2 400 400 800 399
param_2 400 400 800 399
