SPAM Particle Information
sdss_name 587722984435351614
generation 0
run_number 944
model_name rhiroixzbybbk8qelzh_0003
model_data -9.93853,-4.5805,23.729,-1.98268,-0.05763,-6.99792,35.45964,31.0472,3.2748,4.59327,293.41122,22.21214,322.02591,120.49443,0.3,0.3,0.0,0.0,0.0,0.0,0.0,0.0,0.02941,0,0,0.8006,-5.43999,3.28843,0.0,0.0,0.0,0.0,0.0,0.0
human_score 0.029411764705882353
wins_total 1/34
g1_num_particles 100000
g2_num_particles 100000

Image Creator Information
param_2 400 400 800 400
param_2 400 400 800 400
param_2 400 400 800 400
