SPAM Particle Information
sdss_name 587722984435351614
generation 0
run_number 945
model_name rhiroixzbybbk8qelzh_0004
model_data -9.93853,-4.5805,12.21686,-2.21689,-1.9552,-6.99792,16.15079,9.63928,3.79952,3.73728,303.99572,38.73012,53.77468,307.10969,0.3,0.3,0.0,0.0,0.0,0.0,0.0,0.0,0.02941,0,0,0.01252,0.0,16.46841,0.0,0.0,0.0,0.0,0.0,0.0
human_score 0.029411764705882353
wins_total 1/34
g1_num_particles 100000
g2_num_particles 100000

Image Creator Information
param_2 400 400 800 399
param_2 400 400 800 399
param_2 400 400 800 399
