SPAM Particle Information
sdss_name 587722984435351614
generation 0
run_number 946
model_name 2eqwxyykyrzx025udnn4_0003
model_data -9.93853,-4.5805,1.25836,-2.22261,-2.57743,-5.3644,20.51114,23.45672,2.79057,4.103,296.7,24.63986,144.76897,296.06085,0.3,0.3,0.0,0.0,0.0,0.0,0.0,0.0,0.02941,0,0,0.12798,-27.67999,8.39293,0.0,0.0,0.0,0.0,0.0,0.0
human_score 0.029411764705882353
wins_total 1/34
g1_num_particles 100000
g2_num_particles 100000

Image Creator Information
param_2 400 400 800 400
param_2 400 400 800 400
param_2 400 400 800 400
