SPAM Particle Information
sdss_name 587722984435351614
generation 0
run_number 949
model_name 1ubdkvyzmxy9854pzdsj_0016
model_data -9.93853,-4.5805,1.63818,0.1073,-2.9423,20.59874,29.6839,17.39454,1.85743,4.87373,293.52765,27.29053,231.16291,241.18843,0.3,0.3,0.0,0.0,0.0,0.0,0.0,0.0,0.02941,0,0,0.06416,-0.53999,10.48486,0.0,0.0,1.0,0.0,0.0,0.0
human_score 0.029411764705882353
wins_total 1/34
g1_num_particles 100000
g2_num_particles 100000

Image Creator Information
param_2 400 400 800 400
param_2 400 400 800 400
param_2 400 400 800 400
