SPAM Particle Information
sdss_name 587722984435351614
generation 0
run_number 950
model_name aeu8yt3znbqh8jg4f9_0002
model_data -9.93853,-4.5805,13.49352,-1.51512,0.26413,-0.96046,28.14217,23.94775,4.31559,3.269,292.02277,35.19592,221.83344,243.71911,0.3,0.3,0.0,0.0,0.0,0.0,0.0,0.0,0.02941,0,0,1.53198,-23.87999,2.21133,0.0,0.0,0.0,0.0,0.0,0.0
human_score 0.029411764705882353
wins_total 1/34
g1_num_particles 100000
g2_num_particles 100000

Image Creator Information
param_2 400 400 800 400
param_2 400 400 800 400
param_2 400 400 800 400
