SPAM Particle Information
sdss_name 587722984435351614
generation 0
run_number 951
model_name 1sa9fmqnrjmj1ilgcizg_0001
model_data -9.93853,-4.5805,0.77946,-2.54041,-2.69719,-9.33149,22.66815,29.05954,1.84266,2.70389,293.67098,25.19735,36.34555,51.45429,0.3,0.3,0.0,0.0,0.0,0.0,0.0,0.0,0.02941,0,0,1.14492,-22.47999,2.60669,0.0,1.0,0.0,0.0,0.0,0.0
human_score 0.029411764705882353
wins_total 1/34
g1_num_particles 100000
g2_num_particles 100000

Image Creator Information
param_2 400 400 800 399
param_2 400 400 800 399
param_2 400 400 800 399
