SPAM Particle Information
sdss_name 587722984435351614
generation 0
run_number 954
model_name v3iwptkwn8pjjwyg9xm_0011
model_data -9.93853,-4.5805,2.83667,-1.47646,-2.72574,9.82984,32.76347,28.24578,4.26214,4.95996,292.63835,34.97534,52.51203,235.64091,0.3,0.3,0.0,0.0,0.0,0.0,0.0,0.0,0.02941,0,0,0.16703,-1.92,9.30354,0.0,0.0,1.0,0.0,0.0,0.0
human_score 0.029411764705882353
wins_total 1/34
g1_num_particles 100000
g2_num_particles 100000

Image Creator Information
param_2 400 400 800 399
param_2 400 400 800 399
param_2 400 400 800 399
