SPAM Particle Information
sdss_name 587722984435351614
generation 0
run_number 956
model_name r0y5y27xap4jogfqatv_0005
model_data -9.93853,-4.5805,-10.92188,1.48416,1.07458,-9.19947,23.31668,29.88331,4.34985,2.74907,300.17941,37.36588,318.05999,118.56954,0.3,0.3,0.0,0.0,0.0,0.0,0.0,0.0,0.02941,0,0,0.80761,-11.87999,3.50313,0.0,0.0,1.0,0.0,0.0,0.0
human_score 0.029411764705882353
wins_total 1/34
g1_num_particles 100000
g2_num_particles 100000

Image Creator Information
param_2 400 400 800 399
param_2 400 400 800 399
param_2 400 400 800 399
