SPAM Particle Information
sdss_name 587722984435351614
generation 0
run_number 963
model_name 6ervkv705b2mwwhf4ui_0044
model_data -9.93853,-4.5805,9.19814,-1.38516,-2.55932,20.59874,29.28706,15.52722,3.63856,3.79813,296.125,15.0625,330.93167,31.30434,0.3,0.3,0.0,0.0,0.0,0.0,0.0,0.0,0.02941,0,0,0.30816,-26.37999,5.63097,0.0,1.0,1.0,0.0,0.0,0.0
human_score 0.029411764705882353
wins_total 1/34
g1_num_particles 100000
g2_num_particles 100000

Image Creator Information
param_2 400 400 800 400
param_2 400 400 800 400
param_2 400 400 800 400
