SPAM Particle Information
sdss_name 587722984435351614
generation 0
run_number 975
model_name z0z3ha4hybpezdctfgk_0006
model_data -9.93853,-4.5805,20.55457,-2.94644,-2.30488,-0.1342,24.09755,30.84844,3.01917,3.63267,305.59147,20.47378,50.93789,309.62218,0.3,0.3,0.0,0.0,0.0,0.0,0.0,0.0,0.02941,0,0,1.136,-2.43999,2.03963,0.0,1.0,1.0,1.0,0.0,0.0
human_score 0.029411764705882353
wins_total 1/34
g1_num_particles 100000
g2_num_particles 100000

Image Creator Information
param_2 400 400 800 399
param_2 400 400 800 399
param_2 400 400 800 399
