SPAM Particle Information
sdss_name 587722984435351614
generation 0
run_number 978
model_name 1tv0isfi8wo4e1iu3nx5_0006
model_data -9.93853,-4.5805,23.09233,-2.54374,-2.27008,-7.43553,22.44488,24.01713,3.67999,4.36101,291.05445,22.696,317.85273,127.94263,0.3,0.3,0.0,0.0,0.0,0.0,0.0,0.0,0.02941,0,0,0.49716,-2.55999,2.89552,0.0,0.0,1.0,0.0,0.0,0.0
human_score 0.029411764705882353
wins_total 1/34
g1_num_particles 100000
g2_num_particles 100000

Image Creator Information
param_2 400 400 800 400
param_2 400 400 800 400
param_2 400 400 800 400
