SPAM Particle Information
sdss_name 587722984435351614
generation 0
run_number 979
model_name 2bqml4ml2wx0c3qzrgr_0006
model_data -9.93853,-4.5805,16.55764,-2.90065,-1.9759,0.70455,14.36736,28.11855,4.06973,2.99152,303.32722,29.8629,309.76395,126.85637,0.3,0.3,0.0,0.0,0.0,0.0,0.0,0.0,0.02941,0,0,0.40573,-2.13999,3.21303,0.0,0.0,1.0,0.0,0.0,0.0
human_score 0.029411764705882353
wins_total 1/34
g1_num_particles 100000
g2_num_particles 100000

Image Creator Information
param_2 400 400 800 399
param_2 400 400 800 399
param_2 400 400 800 399
