SPAM Particle Information
sdss_name 587722984435351614
generation 0
run_number 987
model_name r3454zfq45w8k3yjqj2_0004
model_data -9.93853,-4.5805,24.2377,-1.83224,2.40486,3.21773,25.9327,16.13172,2.00472,4.79764,304.74269,19.98366,138.62861,234.04214,0.3,0.3,0.0,0.0,0.0,0.0,0.0,0.0,0.02857,0,0,0.02815,-6.98,19.02671,0.0,0.0,1.0,0.0,0.0,0.0
human_score 0.02857142857142857
wins_total 1/35
g1_num_particles 100000
g2_num_particles 100000

Image Creator Information
param_2 400 400 800 399
param_2 400 400 800 399
param_2 400 400 800 399
