SPAM Particle Information
sdss_name 587722984435351614
generation 0
run_number 989
model_name p47op8l021fvhx6k8mn_0010
model_data -9.93853,-4.5805,20.7658,-2.56182,-0.91368,-7.13569,33.44626,20.96374,3.56556,3.05618,297.11741,32.54326,130.92754,130.01447,0.3,0.3,0.0,0.0,0.0,0.0,0.0,0.0,0.02857,0,0,23.59881,-3.39999,0.38282,0.0,0.0,0.0,0.0,0.0,0.0
human_score 0.02857142857142857
wins_total 1/35
g1_num_particles 100000
g2_num_particles 100000

Image Creator Information
param_2 400 400 800 399
param_2 400 400 800 399
param_2 400 400 800 399
