SPAM Particle Information
sdss_name 587722984435351614
generation 0
run_number 990
model_name 1mcx9mhrv2u7tp114r_0002
model_data -9.93853,-4.5805,-5.06398,0.82888,-0.80092,4.63284,22.29987,26.47982,4.54078,4.96887,298.6696,39.41618,143.84953,67.25305,0.3,0.3,0.0,0.0,0.0,0.0,0.0,0.0,0.02857,0,0,0.2708,-27.93999,7.96505,0.0,0.0,0.0,0.0,0.0,0.0
human_score 0.02857142857142857
wins_total 1/35
g1_num_particles 100000
g2_num_particles 100000

Image Creator Information
param_2 400 400 800 399
param_2 400 400 800 399
param_2 400 400 800 399
