SPAM Particle Information
sdss_name 587722984435351614
generation 0
run_number 1002
model_name qv6eanux8teukbq1kub_0016
model_data -9.93853,-4.5805,5.24526,-2.91391,0.74802,10.13454,33.82641,24.16348,4.07223,3.89876,292.28694,23.53666,41.58266,116.30231,0.3,0.3,0.0,0.0,0.0,0.0,0.0,0.0,0.02857,0,0,0.14916,-2.37999,10.1779,0.0,0.0,0.0,0.0,0.0,0.0
human_score 0.02857142857142857
wins_total 1/35
g1_num_particles 100000
g2_num_particles 100000

Image Creator Information
param_2 400 400 799 399
param_2 400 400 799 399
param_2 400 400 799 399
param_2 400 400 799 399
