SPAM Particle Information
sdss_name 587722984435351614
generation 0
run_number 1003
model_name 2s51i9kgb8jdlcpfl7o_0004
model_data -9.93853,-4.5805,17.29672,0.44699,-2.30531,6.00368,23.20353,29.07735,2.2288,4.10543,309.31379,39.03682,230.71566,236.38744,0.3,0.3,0.0,0.0,0.0,0.0,0.0,0.0,0.02857,0,0,0.07113,-2.67999,10.07717,0.0,0.0,0.0,0.0,0.0,0.0
human_score 0.02857142857142857
wins_total 1/35
g1_num_particles 100000
g2_num_particles 100000

Image Creator Information
param_2 400 400 800 400
param_2 400 400 800 400
param_2 400 400 800 400
param_2 400 400 800 400
