SPAM Particle Information
sdss_name 587722984435351614
generation 0
run_number 1004
model_name 6f52fv4c99vttqroh9a_0003
model_data -9.93853,-4.5805,19.0949,-3.17262,-0.82322,-2.50471,23.6268,15.59946,4.15806,2.80036,310.65783,31.26647,128.508,292.23381,0.3,0.3,0.0,0.0,0.0,0.0,0.0,0.0,0.02857,0,0,0.19956,-2.02,4.18222,0.0,0.0,1.0,0.0,0.0,0.0
human_score 0.02857142857142857
wins_total 1/35
g1_num_particles 100000
g2_num_particles 100000

Image Creator Information
param_2 400 400 800 400
param_2 400 400 800 400
param_2 400 400 800 400
param_2 400 400 800 400
