SPAM Particle Information
sdss_name 587722984435351614
generation 0
run_number 1007
model_name 32dnjeubrpus8oz3ua7_0000
model_data -9.93853,-4.5805,0.29425,-0.70895,-2.9883,9.08474,14.71596,23.29765,2.53074,4.92378,309.19079,39.2221,315.74186,305.09876,0.3,0.3,0.0,0.0,0.0,0.0,0.0,0.0,0.02857,0,0,0.19435,-26.43999,7.38774,0.0,0.0,1.0,1.0,0.0,0.0
human_score 0.02857142857142857
wins_total 1/35
g1_num_particles 100000
g2_num_particles 100000

Image Creator Information
param_2 400 400 800 400
param_2 400 400 800 400
param_2 400 400 800 400
param_2 400 400 800 400
