SPAM Particle Information
sdss_name 587722984435351614
generation 0
run_number 1014
model_name 2eqwxyykyrzx025udnn4_0000
model_data -9.93853,-4.5805,4.15387,0.26556,-1.16694,-2.79014,30.12944,27.11827,3.09328,3.54349,306.41359,20.30438,231.87908,115.57409,0.3,0.3,0.0,0.0,0.0,0.0,0.0,0.0,0.02857,0,0,0.08946,-22.07999,11.00073,0.0,0.0,0.0,0.0,0.0,0.0
human_score 0.02857142857142857
wins_total 1/35
g1_num_particles 100000
g2_num_particles 100000

Image Creator Information
param_2 400 400 800 400
param_2 400 400 800 400
param_2 400 400 800 400
param_2 400 400 800 400
