SPAM Particle Information
sdss_name 587722984435351614
generation 0
run_number 1019
model_name 1z9cd7oa4se5imb0mcpq_0000
model_data -9.93853,-4.5805,15.32989,-2.70975,-1.81185,-7.91132,14.3523,26.39628,2.87352,2.97665,301.57641,19.66557,324.13424,124.36776,0.3,0.3,0.0,0.0,0.0,0.0,0.0,0.0,0.02857,0,0,0.83943,-2.47999,2.30405,0.0,0.0,0.0,0.0,0.0,0.0
human_score 0.02857142857142857
wins_total 1/35
g1_num_particles 100000
g2_num_particles 100000

Image Creator Information
param_2 400 400 800 399
param_2 400 400 800 399
param_2 400 400 800 399
param_2 400 400 800 399
