SPAM Particle Information
sdss_name 587722984435351614
generation 0
run_number 1020
model_name 2p1jbl53c7tvmamqd12_0002
model_data -9.93853,-4.5805,4.14588,-1.41693,-1.72655,-8.85334,12.72548,28.27173,3.11582,3.51701,293.32833,33.39823,316.4967,60.15281,0.3,0.3,0.0,0.0,0.0,0.0,0.0,0.0,0.02857,0,0,0.63286,-3.45999,3.59791,0.0,0.0,1.0,1.0,0.0,0.0
human_score 0.02857142857142857
wins_total 1/35
g1_num_particles 100000
g2_num_particles 100000

Image Creator Information
param_2 400 400 800 399
param_2 400 400 800 399
param_2 400 400 800 399
param_2 400 400 800 399
