SPAM Particle Information
sdss_name 587722984435351614
generation 0
run_number 1021
model_name 1rv61wb4yvwdxojk6jqt_0003
model_data -9.93853,-4.5805,20.45232,-1.60748,-1.12866,0.67671,27.31358,28.39517,4.25011,4.91785,291.82403,39.39458,306.66693,115.7154,0.3,0.3,0.0,0.0,0.0,0.0,0.0,0.0,0.02857,0,0,0.17372,-2.35999,5.60153,0.0,0.0,1.0,1.0,0.0,0.0
human_score 0.02857142857142857
wins_total 1/35
g1_num_particles 100000
g2_num_particles 100000

Image Creator Information
param_2 400 400 800 399
param_2 400 400 800 399
param_2 400 400 800 399
param_2 400 400 800 399
