SPAM Particle Information
sdss_name 587722984435351614
generation 0
run_number 1023
model_name 1ubdkvyzmxy9854pzdsj_0000
model_data -9.93853,-4.5805,5.54495,-2.42739,1.04382,-4.62141,19.85178,11.90308,3.25491,4.58276,305.33106,32.23177,44.15293,126.38777,0.3,0.3,0.0,0.0,0.0,0.0,0.0,0.0,0.02857,0,0,0.14314,-2.75999,7.27624,0.0,0.0,1.0,2.0,0.0,0.0
human_score 0.02857142857142857
wins_total 1/35
g1_num_particles 100000
g2_num_particles 100000

Image Creator Information
param_2 400 400 800 400
param_2 400 400 800 400
param_2 400 400 800 400
param_2 400 400 800 400
