SPAM Particle Information
sdss_name 587722984435351614
generation 0
run_number 1028
model_name 1tyxcp9ycpr2ggvos35y_0002
model_data -9.93853,-4.5805,-16.66602,-0.98016,-2.09334,-8.38363,20.35153,27.16793,3.23167,3.36995,306.08348,32.3125,311.39214,297.3913,0.3,0.3,0.0,0.0,0.0,0.0,0.0,0.0,0.02857,0,0,0.26386,-3.65999,5.32167,0.0,1.0,1.0,1.0,0.0,0.0
human_score 0.02857142857142857
wins_total 1/35
g1_num_particles 100000
g2_num_particles 100000

Image Creator Information
param_2 400 400 800 399
param_2 400 400 800 399
param_2 400 400 800 399
param_2 400 400 800 399
