SPAM Particle Information
sdss_name 587722984435351614
generation 0
run_number 1032
model_name 2p2jglew72ndzengvdv_0005
model_data -9.93853,-4.5805,-3.52322,-0.07893,-2.33019,3.90391,26.71583,23.75074,4.4966,3.99399,298.29326,23.03357,43.60346,310.89853,0.3,0.3,0.0,0.0,0.0,0.0,0.0,0.0,0.02857,0,0,0.22124,-22.55999,8.07167,0.0,0.0,0.0,0.0,0.0,0.0
human_score 0.02857142857142857
wins_total 1/35
g1_num_particles 100000
g2_num_particles 100000

Image Creator Information
param_2 400 400 800 399
param_2 400 400 800 399
param_2 400 400 800 399
param_2 400 400 800 399
