SPAM Particle Information
sdss_name 587722984435351614
generation 0
run_number 1034
model_name 6ervkv705b2mwwhf4ui_0023
model_data -9.93853,-4.5805,9.19814,-1.38516,-2.55932,20.59874,29.28706,15.52722,3.63856,3.79813,298.9375,14.6875,330.93167,49.19254,0.3,0.3,0.0,0.0,0.0,0.0,0.0,0.0,0.02857,0,0,0.30816,-26.37999,5.63097,0.0,1.0,1.0,1.0,0.0,0.0
human_score 0.02857142857142857
wins_total 1/35
g1_num_particles 100000
g2_num_particles 100000

Image Creator Information
param_2 400 400 800 400
param_2 400 400 800 400
param_2 400 400 800 400
param_2 400 400 800 400
