SPAM Particle Information
sdss_name 587722984435351614
generation 0
run_number 1035
model_name 6ervkv705b2mwwhf4ui_0033
model_data -9.93853,-4.5805,9.19814,-1.38516,-2.55932,20.59874,26.30855,14.21764,3.63856,3.79813,294.35276,28.22067,313.06204,54.65335,0.3,0.3,0.0,0.0,0.0,0.0,0.0,0.0,0.02857,0,0,0.26802,-28.01999,5.85474,0.0,1.0,1.0,0.0,0.0,0.0
human_score 0.02857142857142857
wins_total 1/35
g1_num_particles 100000
g2_num_particles 100000

Image Creator Information
param_2 400 400 800 400
param_2 400 400 800 400
param_2 400 400 800 400
param_2 400 400 800 400
