SPAM Particle Information
sdss_name 587722984435351614
generation 0
run_number 1040
model_name 1rzodrgasif1c31ih2j2_0004
model_data -9.93853,-4.5805,24.96295,0.14948,-1.06042,-9.21015,24.3957,29.42952,4.42874,4.02989,294.64999,33.94721,38.70884,298.09011,0.3,0.3,0.0,0.0,0.0,0.0,0.0,0.0,0.02857,0,0,0.13823,-4.73999,7.66843,0.0,0.0,1.0,1.0,0.0,0.0
human_score 0.02857142857142857
wins_total 1/35
g1_num_particles 100000
g2_num_particles 100000

Image Creator Information
param_2 400 400 800 399
param_2 400 400 800 399
param_2 400 400 800 399
param_2 400 400 800 399
