SPAM Particle Information
sdss_name 587722984435351614
generation 0
run_number 1041
model_name 1rzodrgasif1c31ih2j2_0006
model_data -9.93853,-4.5805,19.92982,-2.83801,-2.69528,-2.95638,18.67026,10.69936,4.65636,2.9935,305.51147,21.71454,36.63298,310.72088,0.3,0.3,0.0,0.0,0.0,0.0,0.0,0.0,0.02857,0,0,0.10317,-3.71999,6.68267,0.0,0.0,1.0,1.0,0.0,0.0
human_score 0.02857142857142857
wins_total 1/35
g1_num_particles 100000
g2_num_particles 100000

Image Creator Information
param_2 400 400 800 399
param_2 400 400 800 399
param_2 400 400 800 399
param_2 400 400 800 399
