SPAM Particle Information
sdss_name 587722984435351614
generation 0
run_number 1042
model_name 1rzodrgasif1c31ih2j2_0010
model_data -9.93853,-4.5805,19.59559,-2.57655,-1.78881,-2.95638,34.17536,15.8461,2.1135,4.43212,310.27238,39.32911,48.01104,293.77686,0.3,0.3,0.0,0.0,0.0,0.0,0.0,0.0,0.02857,0,0,1.354,-3.59999,2.0336,0.0,0.0,1.0,1.0,0.0,0.0
human_score 0.02857142857142857
wins_total 1/35
g1_num_particles 100000
g2_num_particles 100000

Image Creator Information
param_2 400 400 800 399
param_2 400 400 800 399
param_2 400 400 800 399
param_2 400 400 800 399
