SPAM Particle Information
sdss_name 587722984435351614
generation 0
run_number 1044
model_name 1rzodrgasif1c31ih2j2_0022
model_data -9.93853,-4.5805,-0.26849,0.63394,0.20251,7.78852,24.23856,16.64088,4.0794,3.63601,300.19794,28.06119,47.74971,298.34918,0.3,0.3,0.0,0.0,0.0,0.0,0.0,0.0,0.02857,0,0,0.05518,0.0,10.96339,0.0,0.0,1.0,0.0,0.0,0.0
human_score 0.02857142857142857
wins_total 1/35
g1_num_particles 100000
g2_num_particles 100000

Image Creator Information
param_2 400 400 800 399
param_2 400 400 800 399
param_2 400 400 800 399
param_2 400 400 800 399
