SPAM Particle Information
sdss_name 587722984435351614
generation 0
run_number 1046
model_name 1rzodrgasif1c31ih2j2_0030
model_data -9.93853,-4.5805,7.88271,-1.43431,2.54616,-2.60998,32.25086,16.03287,2.48445,3.12594,303.10733,27.35896,53.49575,53.42863,0.3,0.3,0.0,0.0,0.0,0.0,0.0,0.0,0.02857,0,0,0.08813,-19.05999,13.01339,0.0,0.0,1.0,0.0,0.0,0.0
human_score 0.02857142857142857
wins_total 1/35
g1_num_particles 100000
g2_num_particles 100000

Image Creator Information
param_2 400 400 800 399
param_2 400 400 800 399
param_2 400 400 800 399
param_2 400 400 800 399
