SPAM Particle Information
sdss_name 587722984435351614
generation 0
run_number 1050
model_name 1rozudp6dxcuymevvpkb_0001
model_data -9.93853,-4.5805,-3.39661,-1.63713,-1.56272,20.59874,34.63179,22.75651,3.4361,3.67902,300.46053,32.91306,36.9315,300.38934,0.3,0.3,0.0,0.0,0.0,0.0,0.0,0.0,0.02857,0,0,0.5537,-21.51999,4.40986,0.0,0.0,0.0,0.0,0.0,0.0
human_score 0.02857142857142857
wins_total 1/35
g1_num_particles 100000
g2_num_particles 100000

Image Creator Information
param_2 400 400 800 399
param_2 400 400 800 399
param_2 400 400 800 399
param_2 400 400 800 399
