SPAM Particle Information
sdss_name 587722984435351614
generation 0
run_number 1058
model_name me3yy1b1m278azcjn19_0007
model_data -9.93853,-4.5805,18.17028,-0.4783,0.4751,0.99611,34.90081,27.19093,4.68556,4.59959,295.75663,19.92542,226.44404,121.19965,0.3,0.3,0.0,0.0,0.0,0.0,0.0,0.0,0.02777,0,0,0.21938,-4.31999,6.89955,0.0,0.0,0.0,0.0,0.0,0.0
human_score 0.027777777777777776
wins_total 1/36
g1_num_particles 100000
g2_num_particles 100000

Image Creator Information
param_2 400 400 799 399
param_2 400 400 799 399
param_2 400 400 799 399
param_2 400 400 799 399
