SPAM Particle Information
sdss_name 587722984435351614
generation 0
run_number 1059
model_name 1s90y5wi8x16gyrd6b6e_0002
model_data -9.93853,-4.5805,23.38896,-2.4171,-1.52967,-7.41408,30.3165,10.87094,3.23505,3.52214,304.97332,24.71864,42.90802,59.25367,0.3,0.3,0.0,0.0,0.0,0.0,0.0,0.0,0.02777,0,0,0.52172,-2.67999,2.70233,0.0,0.0,1.0,1.0,0.0,0.0
human_score 0.027777777777777776
wins_total 1/36
g1_num_particles 100000
g2_num_particles 100000

Image Creator Information
param_2 400 400 800 400
param_2 400 400 800 400
param_2 400 400 800 400
param_2 400 400 800 400
