SPAM Particle Information
sdss_name 587722984435351614
generation 0
run_number 1060
model_name qv6eanux8teukbq1kub_0005
model_data -9.93853,-4.5805,5.45814,-0.06398,-1.67122,3.34969,28.30845,9.56595,1.97963,4.51383,296.07325,38.21003,221.27486,60.16858,0.3,0.3,0.0,0.0,0.0,0.0,0.0,0.0,0.02777,0,0,0.36436,-27.95999,5.63312,0.0,0.0,1.0,1.0,0.0,0.0
human_score 0.027777777777777776
wins_total 1/36
g1_num_particles 100000
g2_num_particles 100000

Image Creator Information
param_2 400 400 800 399
param_2 400 400 800 399
param_2 400 400 800 399
param_2 400 400 800 399
