SPAM Particle Information
sdss_name 587722984435351614
generation 0
run_number 1062
model_name 1tvmhvdz5wi02c28ww6l_0011
model_data -9.93853,-4.5805,-2.7357,-2.87005,1.80005,-8.10547,35.54983,15.69156,3.18613,3.65406,295.2334,23.77021,42.9218,66.53946,0.3,0.3,0.0,0.0,0.0,0.0,0.0,0.0,0.02777,0,0,0.10544,-22.97999,10.62973,0.0,0.0,1.0,0.0,0.0,0.0
human_score 0.027777777777777776
wins_total 1/36
g1_num_particles 100000
g2_num_particles 100000

Image Creator Information
param_2 400 400 800 399
param_2 400 400 800 399
param_2 400 400 800 399
param_2 400 400 800 399
