SPAM Particle Information
sdss_name 587722984435351614
generation 0
run_number 1065
model_name quu00cre7nphhid0eoc_0000
model_data -9.93853,-4.5805,-6.07985,-0.6201,-3.22053,20.59874,29.28706,29.78708,3.70871,3.94086,308.125,33.8125,321.98757,321.98757,0.3,0.3,0.0,0.0,0.0,0.0,0.0,0.0,0.02777,0,0,0.22411,-22.13999,7.50783,0.0,1.0,0.0,0.0,0.0,0.0
human_score 0.027777777777777776
wins_total 1/36
g1_num_particles 100000
g2_num_particles 100000

Image Creator Information
param_2 400 400 799 399
param_2 400 400 799 399
param_2 400 400 799 399
param_2 400 400 799 399
