SPAM Particle Information
sdss_name 587722984435351614
generation 0
run_number 1066
model_name re1rf65c978w3su277f_0001
model_data -9.93853,-4.5805,17.30421,-2.22036,-2.41539,-1.7068,16.78928,10.00138,3.76483,3.06071,307.375,34.86275,58.13664,308.54016,0.3,0.3,0.0,0.0,0.0,0.0,0.0,0.0,0.02777,0,0,0.26716,-2.93999,3.63187,0.0,1.0,0.0,0.0,0.0,0.0
human_score 0.027777777777777776
wins_total 1/36
g1_num_particles 100000
g2_num_particles 100000

Image Creator Information
param_2 400 400 800 399
param_2 400 400 800 399
param_2 400 400 800 399
param_2 400 400 800 399
