SPAM Particle Information
sdss_name 587722984435351614
generation 0
run_number 1069
model_name v3iwptkwn8pjjwyg9xm_0000
model_data -9.93853,-4.5805,9.47142,-0.206,-2.04647,-1.37769,28.71831,22.00217,1.82438,3.50032,308.81803,39.07677,225.24829,61.74891,0.3,0.3,0.0,0.0,0.0,0.0,0.0,0.0,0.02777,0,0,0.20484,-3.51999,7.38753,0.0,0.0,1.0,1.0,0.0,0.0
human_score 0.027777777777777776
wins_total 1/36
g1_num_particles 100000
g2_num_particles 100000

Image Creator Information
param_2 400 400 800 400
param_2 400 400 800 400
param_2 400 400 800 400
param_2 400 400 800 400
