SPAM Particle Information
sdss_name 587722984435351614
generation 0
run_number 1071
model_name 2p2jglew72ndzengvdv_0003
model_data -9.93853,-4.5805,6.74088,-1.38207,0.01689,-6.62043,26.96255,16.52911,2.90186,2.89875,296.02874,19.50116,319.9987,117.74424,0.3,0.3,0.0,0.0,0.0,0.0,0.0,0.0,0.02777,0,0,0.5838,-4.09999,3.92775,0.0,0.0,0.0,0.0,0.0,0.0
human_score 0.027777777777777776
wins_total 1/36
g1_num_particles 100000
g2_num_particles 100000

Image Creator Information
param_2 400 400 800 399
param_2 400 400 800 399
param_2 400 400 800 399
param_2 400 400 800 399
