SPAM Particle Information
sdss_name 587722984435351614
generation 0
run_number 1081
model_name qzrqnt3i4ranqboqmv1_0001
model_data -9.93853,-4.5805,10.01448,-0.90646,-1.4194,2.3184,31.33134,23.7487,3.92078,3.73911,299.34827,28.30597,45.89739,56.3351,0.3,0.3,0.0,0.0,0.0,0.0,0.0,0.0,0.02777,0,0,1.34658,-21.99999,2.53158,0.0,0.0,1.0,1.0,0.0,0.0
human_score 0.027777777777777776
wins_total 1/36
g1_num_particles 100000
g2_num_particles 100000

Image Creator Information
param_2 400 400 800 399
param_2 400 400 800 399
param_2 400 400 800 399
param_2 400 400 800 399
