SPAM Particle Information
sdss_name 587722984435351614
generation 0
run_number 1268
model_name r1nud7ak92gu88kb7mv_0000
model_data -9.93853,-4.5805,14.70826,-2.48879,0.25684,20.59874,26.35279,30.60762,3.51122,4.48956,304.70518,30.61231,320.22182,128.93237,0.3,0.3,0.0,0.0,0.0,0.0,0.0,0.0,0.0,0,0,0.16719,-2.11999,6.2165,0.0,0.0,0.0,0.0,0.0,0.0
human_score 0.0
wins_total 0/34
g1_num_particles 100000
g2_num_particles 100000

Image Creator Information
param_2 400 400 800 400
param_2 400 400 800 400
param_2 400 400 800 400
param_2 400 400 800 400
