SPAM Particle Information
sdss_name 587722984435351614
generation 0
run_number 0
model_name r3a10wnahmplynq9tki_0002
model_data -9.93853,-4.5805,3.27377,-0.50008,-2.45565,-1.07799,23.33004,24.69427,3.49825,5.32056,309.6923,36.8125,41.78471,51.42857,0.3,0.3,0.0,0.0,0.0,0.0,0.0,0.0,0.94594,0,0,0.18901,-22.47999,9.02372,0.0,1.0,0.0,0.0,0.0,0.0
human_score 0.9459459459459459
wins_total 35/37
g1_num_particles 100000
g2_num_particles 100000

Image Creator Information
param_2 400 400 800 400
param_2 400 400 800 400
param_2 400 400 800 400
param_2 400 400 800 400
param_2 400 400 0 400
param_2 400 400 800 400
param_2 400 400 659 704
param_2 400 400 800 400
param_2 400 400 800 400
param_2 400 400 800 400
param_2 400 400 800 400
param_2 400 400 800 400
param_2 400 400 659 704
param_2 400 400 368 798
param_2 400 400 798 431
param_2 400 400 140 95
param_2 400 400 0 400
param_2 400 400 800 400
param_2 400 400 800 400
param_2 400 400 800 400
param_2 400 400 800 400
param_2 400 400 800 400
param_2 400 400 800 400
param_2 400 400 800 400
param_2 400 400 800 400
param_2 400 400 800 400
param_2 400 400 800 400
param_2 400 400 800 400
param_2 400 400 800 400
param_2 400 400 800 400
param_2 400 400 800 400
param_2 400 400 800 400
param_2 400 400 800 400
param_2 400 400 800 400
