SPAM Particle Information
sdss_name 587722984435351614
generation 0
run_number 1
model_name pp019je6ayfm4b6dvr6_0002
model_data -9.93853,-4.5805,20.84411,-1.74126,-2.7698,6.11683,27.02299,23.08542,3.49716,4.74238,299.83308,24.48166,45.94874,302.74563,0.3,0.3,0.0,0.0,0.0,0.0,0.0,0.0,0.94117,0,0,0.21251,-3.49999,5.5938,0.0,0.0,1.0,1.0,0.0,0.0
human_score 0.9411764705882353
wins_total 32/34
g1_num_particles 100000
g2_num_particles 100000

Image Creator Information
param_2 400 400 800 400
param_2 400 400 800 400
param_2 400 400 800 400
param_2 400 400 800 400
