SPAM Particle Information
sdss_name 587722984435351614
generation 0
run_number 6
model_name 2ps8ipce1u4ovzz3g6d_0000
model_data -9.93853,-4.5805,-8.55971,-0.82013,-1.93231,-0.1,22.17173,23.23919,3.69468,5.05889,299.6875,27.73927,306.3354,295.64313,0.3,0.3,0.0,0.0,0.0,0.0,0.0,0.0,0.91428,0,0,0.30708,-5.88,6.40176,0.0,1.0,0.0,0.0,0.0,0.0
human_score 0.9142857142857143
wins_total 32/35
g1_num_particles 100000
g2_num_particles 100000

Image Creator Information
param_2 400 400 800 399
param_2 400 400 800 399
param_2 400 400 800 399
