SPAM Particle Information
sdss_name 587722984435351614
generation 0
run_number 20
model_name pyausiw2hm4bbkcqe4x_0001
model_data -9.93853,-4.5805,12.00382,-1.98032,-2.49591,3.48341,17.20755,15.2362,2.51612,2.53737,297.8125,14.5,310.80745,319.75155,0.3,0.3,0.0,0.0,0.0,0.0,0.0,0.0,0.85714,0,0,0.31085,-2.85999,4.04553,0.0,1.0,1.0,2.0,0.0,0.0
human_score 0.8571428571428571
wins_total 30/35
g1_num_particles 100000
g2_num_particles 100000

Image Creator Information
param_2 400 400 800 399
param_2 400 400 800 399
param_2 400 400 800 399
param_2 400 400 800 399
