SPAM Particle Information
sdss_name 587722984435351614
generation 0
run_number 23
model_name 2p06snnj5f3n7hvh68d_0007
model_data -9.93853,-4.5805,13.75959,-1.42023,-3.22053,6.67244,30.44537,29.64158,2.97913,5.65359,306.12054,26.45536,318.12009,307.95838,0.3,0.3,0.0,0.0,0.0,0.0,0.0,0.0,0.85294,0,0,0.22121,-28.29999,6.10427,0.0,1.0,0.0,0.0,0.0,0.0
human_score 0.8529411764705882
wins_total 29/34
g1_num_particles 100000
g2_num_particles 100000

Image Creator Information
param_2 400 400 800 399
param_2 400 400 800 399
param_2 400 400 800 399
param_2 400 400 800 399
