SPAM Particle Information
sdss_name 587722984435351614
generation 0
run_number 34
model_name 1s3qm99lh6mjb0q3oqgg_0000
model_data -9.93853,-4.5805,22.78214,-2.26432,-2.64444,8.16836,34.53516,28.31397,3.00064,3.77843,310.46335,38.80535,52.97394,293.77646,0.3,0.3,0.0,0.0,0.0,0.0,0.0,0.0,0.79411,0,0,0.4272,-2.63999,3.6917,0.0,1.0,1.0,1.0,0.0,0.0
human_score 0.7941176470588235
wins_total 27/34
g1_num_particles 100000
g2_num_particles 100000

Image Creator Information
param_2 400 400 800 399
param_2 400 400 800 399
param_2 400 400 800 399
