SPAM Particle Information
sdss_name 587722984435351614
generation 0
run_number 44
model_name 6f9d2v0qjzszc0qt0sz_0001
model_data -9.93853,-4.5805,15.43348,-1.54025,-2.97899,4.69234,34.41671,29.49607,2.97913,4.2501,301.0,35.5,310.80745,321.98757,0.3,0.3,0.0,0.0,0.0,0.0,0.0,0.0,0.73786,0,0,0.24008,-2.41999,5.62715,0.0,1.0,0.0,1.0,0.0,0.0
human_score 0.7378640776699029
wins_total 76/103
g1_num_particles 100000
g2_num_particles 100000

Image Creator Information
param_2 400 400 800 399
param_2 400 400 800 399
param_2 400 400 800 399
