SPAM Particle Information
sdss_name 587722984435351614
generation 0
run_number 45
model_name qxz9ja6eyhrrc25kqio_0000
model_data -9.93853,-4.5805,4.96593,-3.21381,0.10897,1.82673,20.54314,12.09695,3.41312,4.46765,293.95437,26.08488,36.22156,68.45285,0.3,0.3,0.0,0.0,0.0,0.0,0.0,0.0,0.72972,0,0,0.50745,-2.95999,3.51979,0.0,0.0,0.0,0.0,0.0,0.0
human_score 0.7297297297297297
wins_total 27/37
g1_num_particles 100000
g2_num_particles 100000

Image Creator Information
param_2 400 400 800 400
param_2 400 400 800 400
param_2 400 400 800 400
