SPAM Particle Information
sdss_name 587722984435351614
generation 0
run_number 46
model_name 2mut2i01qmnufmrn816_0003
model_data -9.93853,-4.5805,3.89734,-2.42039,-2.49591,2.95848,23.99193,26.44038,2.23551,4.29768,303.43684,34.1875,324.8033,321.98757,0.3,0.3,0.0,0.0,0.0,0.0,0.0,0.0,0.72222,0,0,0.19404,-28.91999,6.37476,0.0,1.0,1.0,0.0,0.0,0.0
human_score 0.7222222222222222
wins_total 26/36
g1_num_particles 100000
g2_num_particles 100000

Image Creator Information
param_2 400 400 800 400
param_2 400 400 800 400
param_2 400 400 800 400
