SPAM Particle Information
sdss_name 587722984435351614
generation 0
run_number 50
model_name 1rzodrgasif1c31ih2j2_0008
model_data -9.93853,-4.5805,0.12905,-0.47205,-1.00223,-2.60998,22.80958,27.20163,4.11506,4.21495,302.37684,38.79551,54.48714,65.55217,0.3,0.3,0.0,0.0,0.0,0.0,0.0,0.0,0.71428,0,0,0.10674,-22.79999,10.57287,0.0,0.0,1.0,1.0,0.0,0.0
human_score 0.7142857142857143
wins_total 25/35
g1_num_particles 100000
g2_num_particles 100000

Image Creator Information
param_2 400 400 800 399
param_2 400 400 800 399
param_2 400 400 800 399
