SPAM Particle Information
sdss_name 587722984435351614
generation 0
run_number 52
model_name 1tvmhvdz5wi02c28ww6l_0003
model_data -9.93853,-4.5805,3.65875,-1.10018,-2.57642,3.29983,28.45969,13.19908,3.73677,2.79904,306.25,38.36654,304.09937,51.55305,0.3,0.3,0.0,0.0,0.0,0.0,0.0,0.0,0.70588,0,0,0.35995,-25.33999,5.32078,0.0,1.0,1.0,1.0,0.0,0.0
human_score 0.7058823529411765
wins_total 24/34
g1_num_particles 100000
g2_num_particles 100000

Image Creator Information
param_2 400 400 800 399
param_2 400 400 800 399
param_2 400 400 800 399
