SPAM Particle Information
sdss_name 587722984435351614
generation 0
run_number 54
model_name 2kmygq5q7wm5ha0vexm_0000
model_data -9.93853,-4.5805,23.76688,-1.43872,-1.79772,4.07318,18.95411,21.86719,3.19854,2.66477,296.66503,26.88629,317.1596,299.053,0.3,0.3,0.0,0.0,0.0,0.0,0.0,0.0,0.70270,0,0,0.37159,-3.85999,3.71521,0.0,0.0,1.0,1.0,0.0,0.0
human_score 0.7027027027027027
wins_total 26/37
g1_num_particles 100000
g2_num_particles 100000

Image Creator Information
param_2 400 400 800 400
param_2 400 400 800 400
param_2 400 400 800 400
