SPAM Particle Information
sdss_name 587722984435351614
generation 0
run_number 57
model_name pyausiw2hm4bbkcqe4x_0012
model_data -9.93853,-4.5805,6.07985,-0.94015,-2.57642,3.48341,33.09293,14.94518,3.47019,3.4651,304.5625,40.75,297.3913,304.09937,0.3,0.3,0.0,0.0,0.0,0.0,0.0,0.0,0.68932,0,0,0.21887,-2.61999,6.67674,0.0,1.0,1.0,1.0,0.0,0.0
human_score 0.6893203883495146
wins_total 71/103
g1_num_particles 100000
g2_num_particles 100000

Image Creator Information
param_2 400 400 800 400
param_2 400 400 800 400
param_2 400 400 800 400
