SPAM Particle Information
sdss_name 587722984435351614
generation 0
run_number 59
model_name 1tvmhvdz5wi02c28ww6l_0007
model_data -9.93853,-4.5805,3.65875,-2.41295,-3.06588,3.29983,28.45969,13.19908,3.73677,2.79904,306.25,38.36654,304.09937,51.55305,0.3,0.3,0.0,0.0,0.0,0.0,0.0,0.0,0.68571,0,0,0.48453,-27.41999,3.985,0.0,1.0,1.0,0.0,0.0,0.0
human_score 0.6857142857142857
wins_total 24/35
g1_num_particles 100000
g2_num_particles 100000

Image Creator Information
param_2 400 400 800 399
param_2 400 400 800 399
param_2 400 400 800 399
