SPAM Particle Information
sdss_name 587722984435351614
generation 0
run_number 79
model_name 1s3qm99lh6mjb0q3oqgg_0003
model_data -9.93853,-4.5805,16.52835,-2.25973,-2.97607,9.85153,16.47827,28.71755,4.08117,4.05561,306.08434,19.70012,319.88582,296.04875,0.3,0.3,0.0,0.0,0.0,0.0,0.0,0.0,0.62857,0,0,0.17773,-3.51999,6.40749,0.0,0.0,0.0,0.0,0.0,0.0
human_score 0.6285714285714286
wins_total 22/35
g1_num_particles 100000
g2_num_particles 100000

Image Creator Information
param_2 400 400 800 399
param_2 400 400 800 399
param_2 400 400 800 399
