SPAM Particle Information
sdss_name 587722984435351614
generation 0
run_number 80
model_name 1s3qm99lh6mjb0q3oqgg_0012
model_data -9.93853,-4.5805,15.43348,-2.84442,-2.34623,8.16836,24.1574,8.25178,3.02122,2.98934,304.1883,22.5146,313.94826,298.06345,0.3,0.3,0.0,0.0,0.0,0.0,0.0,0.0,0.62857,0,0,0.25947,-2.09999,3.62475,0.0,1.0,0.0,0.0,0.0,0.0
human_score 0.6285714285714286
wins_total 22/35
g1_num_particles 100000
g2_num_particles 100000

Image Creator Information
param_2 400 400 800 399
param_2 400 400 800 399
param_2 400 400 800 399
