SPAM Particle Information
sdss_name 587722984435351614
generation 0
run_number 92
model_name 6f9d2v0qjzszc0qt0sz_0003
model_data -9.93853,-4.5805,21.98847,-2.31035,-2.97942,4.69234,21.31437,28.16945,3.32902,4.90546,305.46149,35.84641,51.48797,306.48478,0.3,0.3,0.0,0.0,0.0,0.0,0.0,0.0,0.58823,0,0,0.18545,-3.41999,5.80973,0.0,0.0,0.0,0.0,0.0,0.0
human_score 0.5882352941176471
wins_total 20/34
g1_num_particles 100000
g2_num_particles 100000

Image Creator Information
param_2 400 400 800 400
param_2 400 400 800 400
param_2 400 400 800 400
