SPAM Particle Information
sdss_name 587722984435351614
generation 0
run_number 99
model_name qsw161q205in1ltlx74_0001
model_data -9.93853,-4.5805,-24.33813,-1.93616,-2.27853,-4.69315,24.20891,16.47903,4.0787,4.60369,309.34738,34.50524,38.81512,62.63879,0.3,0.3,0.0,0.0,0.0,0.0,0.0,0.0,0.55882,0,0,0.28981,-3.73999,4.15322,0.0,0.0,0.0,2.0,0.0,0.0
human_score 0.5588235294117647
wins_total 19/34
g1_num_particles 100000
g2_num_particles 100000

Image Creator Information
param_2 400 400 800 399
param_2 400 400 800 399
param_2 400 400 800 399
