SPAM Particle Information
sdss_name 587722984435351614
generation 0
run_number 100
model_name 6l8ll6vfdo056ewqnut_0010
model_data -9.93853,-4.5805,12.333,-2.57833,-1.70535,6.27252,14.18184,27.84366,3.66472,3.00317,299.06696,39.15758,308.05313,300.57674,0.3,0.3,0.0,0.0,0.0,0.0,0.0,0.0,0.55882,0,0,0.34578,-4.21999,4.91417,0.0,0.0,1.0,0.0,0.0,0.0
human_score 0.5588235294117647
wins_total 19/34
g1_num_particles 100000
g2_num_particles 100000

Image Creator Information
param_2 400 400 800 400
param_2 400 400 800 400
param_2 400 400 800 400
param_2 400 400 800 400
