SPAM Particle Information
sdss_name 587722984435351614
generation 0
run_number 108
model_name 1s42vl87phag2kb97hw5_0007
model_data -9.93853,-4.5805,9.78478,-1.67442,-2.44887,1.73461,19.95592,29.31618,3.66233,4.43694,300.04505,27.01619,306.37141,305.76014,0.3,0.3,0.0,0.0,0.0,0.0,0.0,0.0,0.52941,0,0,0.50189,-3.69999,4.24397,0.0,0.0,1.0,0.0,0.0,0.0
human_score 0.5294117647058824
wins_total 18/34
g1_num_particles 100000
g2_num_particles 100000

Image Creator Information
param_2 400 400 800 399
param_2 400 400 800 399
param_2 400 400 800 399
param_2 400 400 800 399
