SPAM Particle Information
sdss_name 587722984435351614
generation 0
run_number 113
model_name 1s3qm99lh6mjb0q3oqgg_0004
model_data -9.93853,-4.5805,8.52269,-2.74906,0.96256,2.01603,12.0216,18.47713,3.41755,4.26896,296.07902,34.55033,223.76347,124.33442,0.3,0.3,0.0,0.0,0.0,0.0,0.0,0.0,0.51428,0,0,0.15976,-3.33999,6.66298,0.0,0.0,0.0,0.0,0.0,0.0
human_score 0.5142857142857142
wins_total 18/35
g1_num_particles 100000
g2_num_particles 100000

Image Creator Information
param_2 400 400 800 400
param_2 400 400 800 400
param_2 400 400 800 400
param_2 400 400 800 400
