SPAM Particle Information
sdss_name 587722984435351614
generation 0
run_number 115
model_name pyausiw2hm4bbkcqe4x_0025
model_data -9.93853,-4.5805,18.86315,-0.98016,-2.41539,2.18925,34.08576,31.53319,2.87262,4.63017,306.99152,34.89708,321.93047,309.05565,0.3,0.3,0.0,0.0,0.0,0.0,0.0,0.0,0.51428,0,0,0.2161,-29.39999,6.04707,0.0,1.0,1.0,0.0,0.0,0.0
human_score 0.5142857142857142
wins_total 18/35
g1_num_particles 100000
g2_num_particles 100000

Image Creator Information
param_2 400 400 800 400
param_2 400 400 800 400
param_2 400 400 800 400
param_2 400 400 800 400
