SPAM Particle Information
sdss_name 587722984435351614
generation 0
run_number 126
model_name 1tvmhvdz5wi02c28ww6l_0008
model_data -9.93853,-4.5805,12.44593,-1.70028,-1.89206,3.29983,32.26556,24.54877,2.30566,2.91798,299.5,22.1875,0.0,324.2236,0.3,0.3,0.0,0.0,0.0,0.0,0.0,0.0,0.47222,0,0,0.48859,-2.69999,3.96383,0.0,1.0,1.0,0.0,0.0,0.0
human_score 0.4722222222222222
wins_total 17/36
g1_num_particles 100000
g2_num_particles 100000

Image Creator Information
param_2 400 400 800 400
param_2 400 400 800 400
param_2 400 400 800 400
param_2 400 400 800 400
