SPAM Particle Information
sdss_name 587722984435351614
generation 0
run_number 130
model_name qvxd85wwh1uxamk9tax_0012
model_data -9.93853,-4.5805,24.83562,-2.33335,0.12337,5.98258,30.68099,28.70517,2.34582,3.99414,304.74419,38.13569,231.41222,298.6289,0.3,0.3,0.0,0.0,0.0,0.0,0.0,0.0,0.45714,0,0,0.32153,-28.81999,5.24425,0.0,0.0,1.0,0.0,0.0,0.0
human_score 0.45714285714285713
wins_total 16/35
g1_num_particles 100000
g2_num_particles 100000

Image Creator Information
param_2 400 400 800 400
param_2 400 400 800 400
param_2 400 400 800 400
param_2 400 400 800 400
