SPAM Particle Information
sdss_name 587722984435351614
generation 0
run_number 132
model_name qzrqnt3i4ranqboqmv1_0007
model_data -9.93853,-4.5805,11.61757,-0.70198,-1.68129,2.3184,19.85741,20.26347,3.56297,4.58417,297.86279,23.99506,141.63223,51.99472,0.3,0.3,0.0,0.0,0.0,0.0,0.0,0.0,0.44444,0,0,0.42,-4.71999,4.48017,0.0,0.0,1.0,0.0,0.0,0.0
human_score 0.4444444444444444
wins_total 16/36
g1_num_particles 100000
g2_num_particles 100000

Image Creator Information
param_2 400 400 800 399
param_2 400 400 800 399
param_2 400 400 800 399
param_2 400 400 800 399
