SPAM Particle Information
sdss_name 587722984435351614
generation 0
run_number 136
model_name 2kmygq5q7wm5ha0vexm_0010
model_data -9.93853,-4.5805,11.17032,-1.63452,-2.51858,4.07318,31.43058,22.02724,3.69038,2.80662,293.15415,38.60923,142.12111,56.05515,0.3,0.3,0.0,0.0,0.0,0.0,0.0,0.0,0.43243,0,0,0.40152,-27.59999,4.45908,0.0,0.0,1.0,0.0,0.0,0.0
human_score 0.43243243243243246
wins_total 16/37
g1_num_particles 100000
g2_num_particles 100000

Image Creator Information
param_2 400 400 800 400
param_2 400 400 800 400
param_2 400 400 800 400
param_2 400 400 800 400
