SPAM Particle Information
sdss_name 587722984435351614
generation 0
run_number 137
model_name 6l8ll6vfdo056ewqnut_0003
model_data -9.93853,-4.5805,20.79052,-0.56832,-1.63064,6.27252,36.56785,12.23025,3.70577,3.3564,308.07638,36.60615,310.95171,68.41354,0.3,0.3,0.0,0.0,0.0,0.0,0.0,0.0,0.43243,0,0,0.22873,-4.21999,5.71001,0.0,1.0,1.0,1.0,0.0,0.0
human_score 0.43243243243243246
wins_total 16/37
g1_num_particles 100000
g2_num_particles 100000

Image Creator Information
param_2 400 400 800 400
param_2 400 400 800 400
param_2 400 400 800 400
param_2 400 400 800 400
