SPAM Particle Information
sdss_name 587722984435351614
generation 0
run_number 142
model_name 6htbpul5dr3hb9af4yn_0002
model_data -9.93853,-4.5805,-8.71984,-0.15758,-0.469,-2.31846,24.5241,23.49266,3.03628,4.11737,310.79725,21.95638,40.28427,66.52561,0.3,0.3,0.0,0.0,0.0,0.0,0.0,0.0,0.42857,0,0,0.37604,-5.09999,5.55872,0.0,0.0,0.0,0.0,0.0,0.0
human_score 0.42857142857142855
wins_total 15/35
g1_num_particles 100000
g2_num_particles 100000

Image Creator Information
param_2 400 400 800 399
param_2 400 400 800 399
param_2 400 400 800 399
param_2 400 400 800 399
