SPAM Particle Information
sdss_name 587722984435351614
generation 0
run_number 143
model_name 6n85l7wj08mf0mvxp2i_0000
model_data -9.93853,-4.5805,-21.66924,-1.2602,0.16102,-6.45174,30.02289,29.95653,3.44213,3.98844,316.0,36.625,69.31677,333.1677,0.3,0.3,0.0,0.0,0.0,0.0,0.0,0.0,0.42857,0,0,0.61046,-4.45999,3.61113,0.0,1.0,1.0,1.0,0.0,0.0
human_score 0.42857142857142855
wins_total 15/35
g1_num_particles 100000
g2_num_particles 100000

Image Creator Information
param_2 400 400 800 399
param_2 400 400 800 399
param_2 400 400 800 399
param_2 400 400 800 399
