SPAM Particle Information
sdss_name 587722984435351614
generation 0
run_number 145
model_name 2w1na216swvgn5h1kae_0007
model_data -9.93853,-4.5805,-11.64026,-2.60897,-1.88951,-5.69533,31.72038,30.10247,4.36922,2.65671,300.24608,24.21875,39.47416,113.44069,0.3,0.3,0.0,0.0,0.0,0.0,0.0,0.0,0.41666,0,0,1.2182,-2.35999,2.35449,0.0,0.0,1.0,0.0,0.0,0.0
human_score 0.4166666666666667
wins_total 15/36
g1_num_particles 100000
g2_num_particles 100000

Image Creator Information
param_2 400 400 800 399
param_2 400 400 800 399
param_2 400 400 800 399
param_2 400 400 800 399
