SPAM Particle Information
sdss_name 587722984435351614
generation 0
run_number 147
model_name qv6eanux8teukbq1kub_0018
model_data -9.93853,-4.5805,20.66729,-1.37902,-2.80272,5.58066,36.46203,17.63183,4.34376,3.40388,310.49594,29.68773,216.90505,293.28954,0.3,0.3,0.0,0.0,0.0,0.0,0.0,0.0,0.41176,0,0,0.19114,-3.23999,5.98162,0.0,0.0,0.0,0.0,0.0,0.0
human_score 0.4117647058823529
wins_total 14/34
g1_num_particles 100000
g2_num_particles 100000

Image Creator Information
param_2 400 400 800 400
param_2 400 400 800 400
param_2 400 400 800 400
param_2 400 400 800 400
