SPAM Particle Information
sdss_name 587722984435351614
generation 0
run_number 149
model_name 1s42vl87phag2kb97hw5_0004
model_data -9.93853,-4.5805,12.6101,-1.66579,-2.68747,1.73461,16.72483,10.33908,3.73377,2.52559,305.13103,23.82783,312.62008,50.1943,0.3,0.3,0.0,0.0,0.0,0.0,0.0,0.0,0.4,0,0,0.17137,-3.23999,5.35342,0.0,1.0,1.0,0.0,0.0,0.0
human_score 0.4
wins_total 14/35
g1_num_particles 100000
g2_num_particles 100000

Image Creator Information
param_2 400 400 800 399
param_2 400 400 800 399
param_2 400 400 800 399
param_2 400 400 800 399
