SPAM Particle Information
sdss_name 587722984435351614
generation 0
run_number 152
model_name 2op6lo69rotq9rbrd5l_0004
model_data -9.93853,-4.5805,21.97752,-2.43155,-1.95422,4.42587,21.01064,18.40894,3.53999,4.62253,305.54107,37.9936,230.40924,127.54554,0.3,0.3,0.0,0.0,0.0,0.0,0.0,0.0,0.38888,0,0,0.43661,-3.99999,3.48223,0.0,0.0,0.0,0.0,0.0,0.0
human_score 0.3888888888888889
wins_total 14/36
g1_num_particles 100000
g2_num_particles 100000

Image Creator Information
param_2 400 400 800 399
param_2 400 400 800 399
param_2 400 400 800 399
param_2 400 400 800 399
