SPAM Particle Information
sdss_name 587722984435351614
generation 0
run_number 153
model_name 1rzodrgasif1c31ih2j2_0026
model_data -9.93853,-4.5805,-5.22718,-2.32149,-0.63189,-2.95638,34.00778,17.13622,3.59445,2.85192,295.92484,38.30187,36.65681,297.71582,0.3,0.3,0.0,0.0,0.0,0.0,0.0,0.0,0.38888,0,0,15.58644,-2.89999,0.50236,0.0,0.0,1.0,0.0,0.0,0.0
human_score 0.3888888888888889
wins_total 14/36
g1_num_particles 100000
g2_num_particles 100000

Image Creator Information
param_2 400 400 800 399
param_2 400 400 800 399
param_2 400 400 800 399
param_2 400 400 800 399
