SPAM Particle Information
sdss_name 587722984435351614
generation 0
run_number 154
model_name 1s7nzt4uchlslsw4vaep_0003
model_data -9.93853,-4.5805,23.09225,-1.96768,-0.33135,7.36694,33.19903,20.41939,2.25813,4.02607,293.12258,33.55975,36.61375,60.71717,0.3,0.3,0.0,0.0,0.0,0.0,0.0,0.0,0.38888,0,0,1.6516,-5.07999,1.93598,0.0,0.0,1.0,0.0,0.0,0.0
human_score 0.3888888888888889
wins_total 14/36
g1_num_particles 100000
g2_num_particles 100000

Image Creator Information
param_2 400 400 800 400
param_2 400 400 800 400
param_2 400 400 800 400
param_2 400 400 800 400
