SPAM Particle Information
sdss_name 587722984435351614
generation 0
run_number 163
model_name pp019je6ayfm4b6dvr6_0004
model_data -9.93853,-4.5805,23.25542,-2.92814,-2.46005,6.11683,20.83798,22.85549,3.11957,4.74784,297.57834,22.32726,49.8656,299.73984,0.3,0.3,0.0,0.0,0.0,0.0,0.0,0.0,0.37142,0,0,0.14978,-3.89999,6.34792,0.0,0.0,1.0,1.0,0.0,0.0
human_score 0.37142857142857144
wins_total 13/35
g1_num_particles 100000
g2_num_particles 100000

Image Creator Information
param_2 400 400 800 399
param_2 400 400 800 399
param_2 400 400 800 399
param_2 400 400 800 399
