SPAM Particle Information
sdss_name 587722984435351614
generation 0
run_number 165
model_name 1ulml49d0a5nr7ikcpmq_0001
model_data -9.93853,-4.5805,-5.58914,-1.75511,-2.97203,-2.98818,30.98719,27.5014,2.29158,2.53702,310.9133,29.23958,216.39392,295.17356,0.3,0.3,0.0,0.0,0.0,0.0,0.0,0.0,0.36111,0,0,0.57027,-22.17999,4.1964,0.0,0.0,1.0,2.0,0.0,0.0
human_score 0.3611111111111111
wins_total 13/36
g1_num_particles 100000
g2_num_particles 100000

Image Creator Information
param_2 400 400 800 400
param_2 400 400 800 400
param_2 400 400 800 400
param_2 400 400 800 400
