SPAM Particle Information
sdss_name 587722984435351614
generation 0
run_number 167
model_name 1twdqs65humumfngntpf_0024
model_data -9.93853,-4.5805,19.19282,-2.06168,-2.35869,7.52746,24.35471,28.06074,1.79714,3.55918,298.28719,28.82901,216.64867,308.57206,0.3,0.3,0.0,0.0,0.0,0.0,0.0,0.0,0.36111,0,0,0.32759,-2.49999,4.05826,0.0,0.0,1.0,0.0,0.0,0.0
human_score 0.3611111111111111
wins_total 13/36
g1_num_particles 100000
g2_num_particles 100000

Image Creator Information
param_2 400 400 800 400
param_2 400 400 800 400
param_2 400 400 800 400
param_2 400 400 800 400
