SPAM Particle Information
sdss_name 587722984435351614
generation 0
run_number 170
model_name 6l8ll6vfdo056ewqnut_0009
model_data -9.93853,-4.5805,11.7585,-2.19155,-0.34649,6.27252,33.7993,21.63438,3.71103,3.22543,306.37401,25.93035,231.82179,307.87493,0.3,0.3,0.0,0.0,0.0,0.0,0.0,0.0,0.35294,0,0,0.31706,-28.95999,4.91311,0.0,0.0,1.0,0.0,0.0,0.0
human_score 0.35294117647058826
wins_total 12/34
g1_num_particles 100000
g2_num_particles 100000

Image Creator Information
param_2 400 400 800 399
param_2 400 400 800 399
param_2 400 400 800 399
param_2 400 400 800 399
