SPAM Particle Information
sdss_name 587722984435351614
generation 0
run_number 171
model_name 2op6lo69rotq9rbrd5l_0000
model_data -9.93853,-4.5805,-5.65357,-1.66327,-0.38249,-2.45057,17.11019,12.63809,3.14718,2.55047,294.95972,30.42531,43.79512,66.23523,0.3,0.3,0.0,0.0,0.0,0.0,0.0,0.0,0.35294,0,0,0.40136,-3.71999,4.14163,0.0,0.0,0.0,1.0,0.0,0.0
human_score 0.35294117647058826
wins_total 12/34
g1_num_particles 100000
g2_num_particles 100000

Image Creator Information
param_2 400 400 800 400
param_2 400 400 800 400
param_2 400 400 800 400
param_2 400 400 800 400
