SPAM Particle Information
sdss_name 587722984435351614
generation 0
run_number 172
model_name pp019je6ayfm4b6dvr6_0006
model_data -9.93853,-4.5805,17.62743,-1.92638,-1.96166,6.11683,20.99887,28.77099,2.18688,4.82551,303.20513,27.55816,233.14326,305.88755,0.3,0.3,0.0,0.0,0.0,0.0,0.0,0.0,0.35294,0,0,0.35373,-2.59999,3.97319,0.0,0.0,1.0,1.0,0.0,0.0
human_score 0.35294117647058826
wins_total 12/34
g1_num_particles 100000
g2_num_particles 100000

Image Creator Information
param_2 400 400 800 400
param_2 400 400 800 400
param_2 400 400 800 400
param_2 400 400 800 400
