SPAM Particle Information
sdss_name 587722984435351614
generation 0
run_number 174
model_name 1ulml49d0a5nr7ikcpmq_0016
model_data -9.93853,-4.5805,4.03849,-1.19127,-2.85871,1.07782,26.09985,12.0487,3.75881,4.47741,293.35145,23.80042,223.09367,292.72026,0.3,0.3,0.0,0.0,0.0,0.0,0.0,0.0,0.34285,0,0,0.15739,-2.21999,7.10797,0.0,0.0,1.0,0.0,0.0,0.0
human_score 0.34285714285714286
wins_total 12/35
g1_num_particles 100000
g2_num_particles 100000

Image Creator Information
param_2 400 400 800 400
param_2 400 400 800 400
param_2 400 400 800 400
param_2 400 400 800 400
