SPAM Particle Information
sdss_name 587722984435351614
generation 0
run_number 175
model_name 1s42vl87phag2kb97hw5_0006
model_data -9.93853,-4.5805,12.6101,-2.03963,-2.49526,1.73461,26.34585,24.47678,3.73377,2.52559,305.13103,23.82783,132.62008,50.1943,0.3,0.3,0.0,0.0,0.0,0.0,0.0,0.0,0.34285,0,0,0.63804,-28.21999,3.37071,0.0,0.0,1.0,0.0,0.0,0.0
human_score 0.34285714285714286
wins_total 12/35
g1_num_particles 100000
g2_num_particles 100000

Image Creator Information
param_2 400 400 800 399
param_2 400 400 800 399
param_2 400 400 800 399
param_2 400 400 800 399
