SPAM Particle Information
sdss_name 587722984435351614
generation 0
run_number 176
model_name 6m315c2oxct2t5gvf3k_0006
model_data -9.93853,-4.5805,20.94019,-1.89424,-3.21097,9.92839,18.73391,27.55917,2.8959,4.12536,309.76763,26.09907,309.34046,59.98186,0.3,0.3,0.0,0.0,0.0,0.0,0.0,0.0,0.34285,0,0,0.11812,-2.07999,5.8449,0.0,0.0,0.0,0.0,0.0,0.0
human_score 0.34285714285714286
wins_total 12/35
g1_num_particles 100000
g2_num_particles 100000

Image Creator Information
param_2 400 400 800 399
param_2 400 400 800 399
param_2 400 400 800 399
param_2 400 400 800 399
