SPAM Particle Information
sdss_name 587722984435351614
generation 0
run_number 178
model_name rhiroixzbybbk8qelzh_0001
model_data -9.93853,-4.5805,4.68141,-1.2202,-2.61668,1.29963,34.41671,16.10925,3.72274,5.53465,312.0625,35.85559,33.54037,51.77398,0.3,0.3,0.0,0.0,0.0,0.0,0.0,0.0,0.34285,0,0,0.20037,-22.71999,8.34522,0.0,1.0,0.0,1.0,0.0,0.0
human_score 0.34285714285714286
wins_total 12/35
g1_num_particles 100000
g2_num_particles 100000

Image Creator Information
param_2 400 400 800 399
param_2 400 400 800 399
param_2 400 400 800 399
param_2 400 400 800 399
