SPAM Particle Information
sdss_name 587722984435351614
generation 0
run_number 182
model_name 1s7nzt4uchlslsw4vaep_0001
model_data -9.93853,-4.5805,19.68836,-1.33314,-1.95639,7.36694,14.88324,25.98482,1.91568,2.53737,291.74766,33.42523,326.51162,38.51162,0.3,0.3,0.0,0.0,0.0,0.0,0.0,0.0,0.34285,0,0,0.33309,-3.87999,4.22162,0.0,1.0,1.0,1.0,0.0,0.0
human_score 0.34285714285714286
wins_total 12/35
g1_num_particles 100000
g2_num_particles 100000

Image Creator Information
param_2 400 400 800 400
param_2 400 400 800 400
param_2 400 400 800 400
param_2 400 400 800 400
