SPAM Particle Information
sdss_name 587722984435351614
generation 0
run_number 188
model_name qvuj65hwzxprg96kf92_0011
model_data -9.93853,-4.5805,-21.09268,-1.24356,0.4687,-6.05081,27.82294,18.44841,2.63365,4.99348,302.1496,38.9573,136.57175,232.21813,0.3,0.3,0.0,0.0,0.0,0.0,0.0,0.0,0.33333,0,0,0.12857,-3.39999,6.96351,0.0,0.0,0.0,0.0,0.0,0.0
human_score 0.3333333333333333
wins_total 12/36
g1_num_particles 100000
g2_num_particles 100000

Image Creator Information
param_2 400 400 800 400
param_2 400 400 800 400
param_2 400 400 800 400
param_2 400 400 800 400
