SPAM Particle Information
sdss_name 587722984435351614
generation 0
run_number 189
model_name 1rv61wb4yvwdxojk6jqt_0004
model_data -9.93853,-4.5805,12.89416,-2.4614,-2.46406,0.67671,33.17905,13.77962,3.63117,2.78191,305.47231,25.24674,48.14434,306.60813,0.3,0.3,0.0,0.0,0.0,0.0,0.0,0.0,0.32432,0,0,0.18929,-3.89999,7.11679,0.0,0.0,1.0,1.0,0.0,0.0
human_score 0.32432432432432434
wins_total 12/37
g1_num_particles 100000
g2_num_particles 100000

Image Creator Information
param_2 400 400 800 400
param_2 400 400 800 400
param_2 400 400 800 400
param_2 400 400 800 400
