SPAM Particle Information
sdss_name 587722984435351614
generation 0
run_number 192
model_name qv6eanux8teukbq1kub_0001
model_data -9.93853,-4.5805,23.38238,-1.0646,-2.22115,3.34969,23.81199,17.8212,3.34733,4.39402,297.6037,31.26039,308.00503,309.80771,0.3,0.3,0.0,0.0,0.0,0.0,0.0,0.0,0.32352,0,0,0.16789,-4.21999,6.00703,0.0,0.0,1.0,1.0,0.0,0.0
human_score 0.3235294117647059
wins_total 11/34
g1_num_particles 100000
g2_num_particles 100000

Image Creator Information
param_2 400 400 800 399
param_2 400 400 800 399
param_2 400 400 800 399
param_2 400 400 800 399
