SPAM Particle Information
sdss_name 587722984435351614
generation 0
run_number 198
model_name v04ta547mrhsblu1f5n_0000
model_data -9.93853,-4.5805,18.1005,-1.30953,-2.87517,7.58219,22.66815,29.93259,4.4068,4.28362,302.29854,19.92426,53.26345,62.27279,0.3,0.3,0.0,0.0,0.0,0.0,0.0,0.0,0.31428,0,0,0.17909,-3.61999,6.72992,0.0,1.0,0.0,2.0,0.0,0.0
human_score 0.3142857142857143
wins_total 11/35
g1_num_particles 100000
g2_num_particles 100000

Image Creator Information
param_2 400 400 800 400
param_2 400 400 800 400
param_2 400 400 800 400
param_2 400 400 800 400
