SPAM Particle Information
sdss_name 587722984435351614
generation 0
run_number 202
model_name 1mnh4veck2yk2qz3zywj_0001
model_data -9.93853,-4.5805,23.50607,-2.80008,-0.61224,6.47582,32.40554,15.28066,1.95745,3.5516,305.97487,22.57027,136.02216,127.92019,0.3,0.3,0.0,0.0,0.0,0.0,0.0,0.0,0.30555,0,0,1.83319,-3.25999,1.55047,0.0,0.0,0.0,0.0,0.0,0.0
human_score 0.3055555555555556
wins_total 11/36
g1_num_particles 100000
g2_num_particles 100000

Image Creator Information
param_2 400 400 800 399
param_2 400 400 800 399
param_2 400 400 800 399
param_2 400 400 800 399
