SPAM Particle Information
sdss_name 587722984435351614
generation 0
run_number 204
model_name 34rs3e032eok3ci5m41_0000
model_data -9.93853,-4.5805,-15.10502,-1.05214,-1.37068,-6.54895,28.45444,14.6953,4.69506,4.60883,300.70996,25.9385,36.97938,296.76549,0.3,0.3,0.0,0.0,0.0,0.0,0.0,0.0,0.29729,0,0,0.10948,-2.29999,7.02527,0.0,0.0,0.0,0.0,0.0,0.0
human_score 0.2972972972972973
wins_total 11/37
g1_num_particles 100000
g2_num_particles 100000

Image Creator Information
param_2 400 400 800 399
param_2 400 400 800 399
param_2 400 400 800 399
param_2 400 400 800 399
