SPAM Particle Information
sdss_name 587722984435351614
generation 0
run_number 205
model_name 1s42vl87phag2kb97hw5_0001
model_data -9.93853,-4.5805,12.6101,-1.66579,-2.68747,1.73461,16.72483,10.33908,3.76483,2.58987,305.13103,24.63793,312.62008,0.0,0.3,0.3,0.0,0.0,0.0,0.0,0.0,0.0,0.29411,0,0,0.17137,-3.23999,5.35342,0.0,1.0,1.0,1.0,0.0,0.0
human_score 0.29411764705882354
wins_total 10/34
g1_num_particles 100000
g2_num_particles 100000

Image Creator Information
param_2 400 400 800 399
param_2 400 400 800 399
param_2 400 400 800 399
param_2 400 400 800 399
