SPAM Particle Information
sdss_name 587722984435351614
generation 0
run_number 207
model_name 1rv61wb4yvwdxojk6jqt_0001
model_data -9.93853,-4.5805,-4.89277,-1.0793,-2.91503,0.67671,35.39048,9.0619,3.61391,2.93177,300.43115,26.38796,40.12128,57.05181,0.3,0.3,0.0,0.0,0.0,0.0,0.0,0.0,0.29411,0,0,0.17907,-2.27999,7.05961,0.0,0.0,1.0,2.0,0.0,0.0
human_score 0.29411764705882354
wins_total 10/34
g1_num_particles 100000
g2_num_particles 100000

Image Creator Information
param_2 400 400 800 400
param_2 400 400 800 400
param_2 400 400 800 400
param_2 400 400 800 400
