SPAM Particle Information
sdss_name 587722984435351614
generation 0
run_number 208
model_name 1rv61wb4yvwdxojk6jqt_0010
model_data -9.93853,-4.5805,8.97348,-1.25554,-2.97083,3.29902,19.02987,25.26183,3.11309,3.39383,292.76339,30.59489,216.26575,301.3178,0.3,0.3,0.0,0.0,0.0,0.0,0.0,0.0,0.29411,0,0,0.21018,-29.61999,6.18257,0.0,0.0,0.0,0.0,0.0,0.0
human_score 0.29411764705882354
wins_total 10/34
g1_num_particles 100000
g2_num_particles 100000

Image Creator Information
param_2 400 400 800 399
param_2 400 400 800 399
param_2 400 400 800 399
param_2 400 400 800 399
