SPAM Particle Information
sdss_name 587722984435351614
generation 0
run_number 211
model_name 2kmygq5q7wm5ha0vexm_0009
model_data -9.93853,-4.5805,5.2289,-2.97084,-2.64355,4.07318,21.56254,31.39994,3.32742,3.54554,301.8871,19.95814,140.17379,310.94373,0.3,0.3,0.0,0.0,0.0,0.0,0.0,0.0,0.28571,0,0,1.43081,-25.13999,2.15119,0.0,0.0,1.0,0.0,0.0,0.0
human_score 0.2857142857142857
wins_total 10/35
g1_num_particles 100000
g2_num_particles 100000

Image Creator Information
param_2 400 400 800 399
param_2 400 400 800 399
param_2 400 400 800 399
param_2 400 400 800 399
