SPAM Particle Information
sdss_name 587722984435351614
generation 0
run_number 216
model_name qvxd85wwh1uxamk9tax_0011
model_data -9.93853,-4.5805,21.35494,-2.44309,0.77209,5.98258,22.11188,13.91808,2.26661,4.40707,295.92729,19.5867,313.90378,130.28396,0.3,0.3,0.0,0.0,0.0,0.0,0.0,0.0,0.27777,0,0,0.09363,-2.81999,6.67943,0.0,0.0,1.0,0.0,0.0,0.0
human_score 0.2777777777777778
wins_total 10/36
g1_num_particles 100000
g2_num_particles 100000

Image Creator Information
param_2 400 400 800 399
param_2 400 400 800 399
param_2 400 400 800 399
param_2 400 400 800 399
