SPAM Particle Information
sdss_name 587722984435351614
generation 0
run_number 217
model_name a3m9viuzw0vc8v20jt_0000
model_data -9.93853,-4.5805,10.74684,-2.81794,1.03829,0.70649,16.23681,29.96479,4.64923,4.74662,298.49815,39.01077,144.14425,62.68286,0.3,0.3,0.0,0.0,0.0,0.0,0.0,0.0,0.27777,0,0,0.14003,-4.09999,9.19381,0.0,0.0,0.0,0.0,0.0,0.0
human_score 0.2777777777777778
wins_total 10/36
g1_num_particles 100000
g2_num_particles 100000

Image Creator Information
param_2 400 400 800 399
param_2 400 400 800 399
param_2 400 400 800 399
param_2 400 400 800 399
