SPAM Particle Information
sdss_name 587722984435351614
generation 0
run_number 219
model_name qz3mnv035i7ey52thu0_0001
model_data -9.93853,-4.5805,23.21238,-2.75747,0.5459,5.6129,30.14515,30.28573,3.48294,3.99335,292.34975,23.35346,143.74787,301.75454,0.3,0.3,0.0,0.0,0.0,0.0,0.0,0.0,0.27027,0,0,0.26969,-3.55999,5.18572,0.0,0.0,1.0,1.0,0.0,0.0
human_score 0.2702702702702703
wins_total 10/37
g1_num_particles 100000
g2_num_particles 100000

Image Creator Information
param_2 400 400 800 399
param_2 400 400 800 399
param_2 400 400 800 399
param_2 400 400 800 399
