SPAM Particle Information
sdss_name 587722984435351614
generation 0
run_number 226
model_name 34rs3e032eok3ci5m41_0002
model_data -9.93853,-4.5805,8.58329,-0.56359,-0.03135,-8.40338,28.86175,30.39651,4.57336,4.16219,293.79402,26.31789,306.7076,60.60064,0.3,0.3,0.0,0.0,0.0,0.0,0.0,0.0,0.26470,0,0,0.19913,-22.83999,7.88319,0.0,0.0,0.0,0.0,0.0,0.0
human_score 0.2647058823529412
wins_total 9/34
g1_num_particles 100000
g2_num_particles 100000

Image Creator Information
param_2 400 400 800 400
param_2 400 400 800 400
param_2 400 400 800 400
param_2 400 400 800 400
