SPAM Particle Information
sdss_name 587722984435351614
generation 0
run_number 231
model_name 1ub16atml47uh6f88fuo_0001
model_data -9.93853,-4.5805,1.52152,-2.96324,-1.91597,2.96316,36.17462,29.10139,4.00646,3.5821,307.11609,24.54043,141.07853,118.27719,0.3,0.3,0.0,0.0,0.0,0.0,0.0,0.0,0.25714,0,0,0.19133,-21.37999,7.99305,0.0,0.0,1.0,0.0,0.0,0.0
human_score 0.2571428571428571
wins_total 9/35
g1_num_particles 100000
g2_num_particles 100000

Image Creator Information
param_2 400 400 800 399
param_2 400 400 800 399
param_2 400 400 800 399
param_2 400 400 800 399
