SPAM Particle Information
sdss_name 587722984435351614
generation 0
run_number 236
model_name pyausiw2hm4bbkcqe4x_0015
model_data -9.93853,-4.5805,5.14449,0.14002,-2.41539,4.23067,31.60367,27.45894,3.78604,4.36621,297.57329,33.57679,317.38483,68.08755,0.3,0.3,0.0,0.0,0.0,0.0,0.0,0.0,0.25714,0,0,0.2637,-4.39999,7.98417,0.0,1.0,1.0,0.0,0.0,0.0
human_score 0.2571428571428571
wins_total 9/35
g1_num_particles 100000
g2_num_particles 100000

Image Creator Information
param_2 400 400 800 399
param_2 400 400 800 399
param_2 400 400 800 399
param_2 400 400 800 399
