SPAM Particle Information
sdss_name 587722984435351614
generation 0
run_number 237
model_name 2h2zudxdwb2dfp3tabj_0000
model_data -9.93853,-4.5805,-13.69662,-1.11927,-2.25277,-2.84044,19.86646,15.35527,4.26542,4.35116,292.18026,35.10472,312.04709,240.69432,0.3,0.3,0.0,0.0,0.0,0.0,0.0,0.0,0.25714,0,0,0.04003,-1.04,17.46066,0.0,0.0,0.0,0.0,0.0,0.0
human_score 0.2571428571428571
wins_total 9/35
g1_num_particles 100000
g2_num_particles 100000

Image Creator Information
param_2 400 400 800 399
param_2 400 400 800 399
param_2 400 400 800 399
param_2 400 400 800 399
