SPAM Particle Information
sdss_name 587722984435351614
generation 0
run_number 238
model_name 1rozudp6dxcuymevvpkb_0000
model_data -9.93853,-4.5805,-4.94705,-0.8695,-1.79716,-4.14067,12.96344,30.23383,4.31905,3.63306,303.11783,37.95882,42.27884,53.02495,0.3,0.3,0.0,0.0,0.0,0.0,0.0,0.0,0.25714,0,0,0.68452,-5.13999,3.75548,0.0,0.0,0.0,0.0,0.0,0.0
human_score 0.2571428571428571
wins_total 9/35
g1_num_particles 100000
g2_num_particles 100000

Image Creator Information
param_2 400 400 800 399
param_2 400 400 800 399
param_2 400 400 800 399
param_2 400 400 800 399
