SPAM Particle Information
sdss_name 587722984435351614
generation 0
run_number 246
model_name 1s3qm99lh6mjb0q3oqgg_0015
model_data -9.93853,-4.5805,15.36128,-2.54576,-3.14512,2.18369,34.05821,30.13751,2.57332,4.68581,302.03705,38.47893,36.71725,115.25823,0.3,0.3,0.0,0.0,0.0,0.0,0.0,0.0,0.23529,0,0,0.23613,-3.29999,6.45639,0.0,0.0,0.0,0.0,0.0,0.0
human_score 0.23529411764705882
wins_total 8/34
g1_num_particles 100000
g2_num_particles 100000

Image Creator Information
param_2 400 400 800 399
param_2 400 400 800 399
param_2 400 400 800 399
param_2 400 400 800 399
