SPAM Particle Information
sdss_name 587722984435351614
generation 0
run_number 250
model_name 7p5tjonbhrzuam4grk9_0005
model_data -9.93853,-4.5805,-8.51107,-0.86678,-1.55691,-5.02943,13.39654,30.23937,4.43271,2.66545,298.24244,29.78761,38.12437,121.20354,0.3,0.3,0.0,0.0,0.0,0.0,0.0,0.0,0.23529,0,0,0.24217,-3.11999,6.03319,0.0,0.0,1.0,0.0,0.0,0.0
human_score 0.23529411764705882
wins_total 8/34
g1_num_particles 100000
g2_num_particles 100000

Image Creator Information
param_2 400 400 800 400
param_2 400 400 800 400
param_2 400 400 800 400
param_2 400 400 800 400
