SPAM Particle Information
sdss_name 587722984435351614
generation 0
run_number 252
model_name 2wdlquwenkmphp9jvpa_0004
model_data -9.93853,-4.5805,-2.5942,1.62559,0.38603,5.43439,20.87775,11.48671,4.04332,4.87697,299.81111,23.13211,44.73897,247.32931,0.3,0.3,0.0,0.0,0.0,0.0,0.0,0.0,0.23529,0,0,0.12008,-22.07999,9.62749,0.0,0.0,0.0,0.0,0.0,0.0
human_score 0.23529411764705882
wins_total 8/34
g1_num_particles 100000
g2_num_particles 100000

Image Creator Information
param_2 400 400 800 400
param_2 400 400 800 400
param_2 400 400 800 400
param_2 400 400 800 400
