SPAM Particle Information
sdss_name 587722984435351614
generation 0
run_number 254
model_name 1ulml49d0a5nr7ikcpmq_0013
model_data -9.93853,-4.5805,12.88528,-2.40952,-1.92449,9.298,32.43839,16.57122,4.1078,2.77143,295.7169,35.2645,318.06281,120.8847,0.3,0.3,0.0,0.0,0.0,0.0,0.0,0.0,0.22857,0,0,0.51837,-2.35999,3.36963,0.0,0.0,1.0,0.0,0.0,0.0
human_score 0.22857142857142856
wins_total 8/35
g1_num_particles 100000
g2_num_particles 100000

Image Creator Information
param_2 400 400 800 400
param_2 400 400 800 400
param_2 400 400 800 400
param_2 400 400 800 400
