SPAM Particle Information
sdss_name 587722984435351614
generation 0
run_number 257
model_name 6lvwyi56otje4qrwb4m_0001
model_data -9.93853,-4.5805,-2.00441,2.70361,1.73951,4.56029,31.78262,14.74648,4.25088,3.62994,304.26177,35.31911,139.97389,309.3804,0.3,0.3,0.0,0.0,0.0,0.0,0.0,0.0,0.22857,0,0,0.13905,-27.03999,7.45498,0.0,0.0,0.0,0.0,0.0,0.0
human_score 0.22857142857142856
wins_total 8/35
g1_num_particles 100000
g2_num_particles 100000

Image Creator Information
param_2 400 400 800 400
param_2 400 400 800 400
param_2 400 400 800 400
param_2 400 400 800 400
