SPAM Particle Information
sdss_name 587722984435351614
generation 0
run_number 259
model_name 2op6lo69rotq9rbrd5l_0007
model_data -9.93853,-4.5805,11.30267,-1.25996,-3.0164,-0.4117,36.14101,17.00126,4.34929,3.62422,301.98656,39.24847,47.69369,292.35256,0.3,0.3,0.0,0.0,0.0,0.0,0.0,0.0,0.22857,0,0,0.19825,-25.15999,7.46349,0.0,0.0,0.0,0.0,0.0,0.0
human_score 0.22857142857142856
wins_total 8/35
g1_num_particles 100000
g2_num_particles 100000

Image Creator Information
param_2 400 400 800 399
param_2 400 400 800 399
param_2 400 400 800 399
param_2 400 400 800 399
