SPAM Particle Information
sdss_name 587722984435351614
generation 0
run_number 263
model_name pp019je6ayfm4b6dvr6_0010
model_data -9.93853,-4.5805,4.70075,-2.49456,-0.66023,6.11683,33.56009,18.86805,2.68987,4.25899,304.13517,28.91921,312.6514,301.22278,0.3,0.3,0.0,0.0,0.0,0.0,0.0,0.0,0.22857,0,0,0.78735,-23.31999,3.27863,0.0,0.0,1.0,0.0,0.0,0.0
human_score 0.22857142857142856
wins_total 8/35
g1_num_particles 100000
g2_num_particles 100000

Image Creator Information
param_2 400 400 800 400
param_2 400 400 800 400
param_2 400 400 800 400
param_2 400 400 800 400
