SPAM Particle Information
sdss_name 587722984435351614
generation 0
run_number 266
model_name pyausiw2hm4bbkcqe4x_0034
model_data -9.93853,-4.5805,15.35296,-2.63718,-0.91147,7.90229,30.58418,16.99827,4.10836,4.75211,291.6854,25.44018,233.16374,112.56182,0.3,0.3,0.0,0.0,0.0,0.0,0.0,0.0,0.22857,0,0,0.01754,0.0,18.93653,0.0,0.0,1.0,0.0,0.0,0.0
human_score 0.22857142857142856
wins_total 8/35
g1_num_particles 100000
g2_num_particles 100000

Image Creator Information
param_2 400 400 800 399
param_2 400 400 800 399
param_2 400 400 800 399
param_2 400 400 800 399
