SPAM Particle Information
sdss_name 587722984435351614
generation 0
run_number 267
model_name ouj47lmbkcnae3jzpu7_0013
model_data -9.93853,-4.5805,4.6038,-2.06105,0.30598,1.79815,20.85553,20.59038,4.28828,3.10778,297.29562,33.94123,216.85318,118.54982,0.3,0.3,0.0,0.0,0.0,0.0,0.0,0.0,0.22222,0,0,0.53522,-25.05999,4.35344,0.0,0.0,0.0,0.0,0.0,0.0
human_score 0.2222222222222222
wins_total 8/36
g1_num_particles 100000
g2_num_particles 100000

Image Creator Information
param_2 400 400 800 400
param_2 400 400 800 400
param_2 400 400 800 400
param_2 400 400 800 400
