SPAM Particle Information
sdss_name 587722984435351614
generation 0
run_number 271
model_name 1shqesxabkbcf11048z7_0000
model_data -9.93853,-4.5805,0.79183,-3.04696,-1.09776,20.59874,28.03062,19.52644,3.85364,3.29489,305.87083,20.77757,47.7607,127.29471,0.3,0.3,0.0,0.0,0.0,0.0,0.0,0.0,0.22222,0,0,0.04917,-0.45999,9.996,0.0,0.0,0.0,0.0,0.0,0.0
human_score 0.2222222222222222
wins_total 8/36
g1_num_particles 100000
g2_num_particles 100000

Image Creator Information
param_2 400 400 800 400
param_2 400 400 800 400
param_2 400 400 800 400
param_2 400 400 800 400
