SPAM Particle Information
sdss_name 587722984435351614
generation 0
run_number 273
model_name 1u0tl07v7k9ivm8nx4nl_0008
model_data -9.93853,-4.5805,10.75667,-0.86014,-0.3623,7.36791,12.79735,17.52181,3.13346,4.44041,300.22724,22.08977,45.76649,64.30855,0.3,0.3,0.0,0.0,0.0,0.0,0.0,0.0,0.22222,0,0,209.34796,-29.23999,0.10171,0.0,1.0,1.0,0.0,0.0,0.0
human_score 0.2222222222222222
wins_total 8/36
g1_num_particles 100000
g2_num_particles 100000

Image Creator Information
param_2 400 400 800 399
param_2 400 400 800 399
param_2 400 400 800 399
param_2 400 400 800 399
