SPAM Particle Information
sdss_name 587722984435351614
generation 0
run_number 274
model_name r0y5y27xap4jogfqatv_0008
model_data -9.93853,-4.5805,19.78157,-2.28727,0.15885,-9.19947,36.50246,30.72213,3.10701,3.71545,303.90286,27.58516,132.9861,66.25943,0.3,0.3,0.0,0.0,0.0,0.0,0.0,0.0,0.22222,0,0,0.01984,-29.99999,18.63113,0.0,0.0,0.0,0.0,0.0,0.0
human_score 0.2222222222222222
wins_total 8/36
g1_num_particles 100000
g2_num_particles 100000

Image Creator Information
param_2 400 400 800 399
param_2 400 400 800 399
param_2 400 400 800 399
param_2 400 400 800 399
