SPAM Particle Information
sdss_name 587722984435351614
generation 0
run_number 277
model_name 6txceejgneukzanmq1s_0004
model_data -9.93853,-4.5805,-18.35573,-2.19556,-0.16607,-7.16758,36.52109,21.11434,3.12,3.82647,299.42556,23.42686,309.83953,52.96527,0.3,0.3,0.0,0.0,0.0,0.0,0.0,0.0,0.22222,0,0,0.27167,-2.59999,4.84809,0.0,0.0,0.0,0.0,0.0,0.0
human_score 0.2222222222222222
wins_total 8/36
g1_num_particles 100000
g2_num_particles 100000

Image Creator Information
param_2 400 400 800 399
param_2 400 400 800 399
param_2 400 400 800 399
param_2 400 400 800 399
