SPAM Particle Information
sdss_name 587722984435351614
generation 0
run_number 283
model_name r0ehhnakof6jysrecip_0000
model_data -9.93853,-4.5805,20.29602,-1.87623,-0.20403,7.62352,24.48835,14.50866,3.68557,2.82307,292.66063,21.66444,319.54375,241.25814,0.3,0.3,0.0,0.0,0.0,0.0,0.0,0.0,0.20588,0,0,0.2403,-3.17999,4.51301,0.0,1.0,0.0,0.0,0.0,0.0
human_score 0.20588235294117646
wins_total 7/34
g1_num_particles 100000
g2_num_particles 100000

Image Creator Information
param_2 400 400 800 400
param_2 400 400 800 400
param_2 400 400 800 400
