SPAM Particle Information
sdss_name 587722984435351614
generation 0
run_number 288
model_name 34rs3e032eok3ci5m41_0003
model_data -9.93853,-4.5805,10.28048,-1.8923,-2.51751,-3.35136,10.50212,29.5311,4.37043,4.65895,292.58335,33.78934,310.45137,302.79574,0.3,0.3,0.0,0.0,0.0,0.0,0.0,0.0,0.20588,0,0,0.35549,-2.71999,4.21009,0.0,0.0,0.0,0.0,0.0,0.0
human_score 0.20588235294117646
wins_total 7/34
g1_num_particles 100000
g2_num_particles 100000

Image Creator Information
param_2 400 400 800 399
param_2 400 400 800 399
param_2 400 400 800 399
