SPAM Particle Information
sdss_name 587722984435351614
generation 0
run_number 293
model_name 1svryp1ir27uenb2npgz_0007
model_data -9.93853,-4.5805,-10.0765,-2.36477,0.10243,2.36354,27.29179,10.21304,3.94616,4.6897,296.60322,31.36427,44.94735,234.60185,0.3,0.3,0.0,0.0,0.0,0.0,0.0,0.0,0.20588,0,0,0.58403,-3.51999,3.36261,0.0,0.0,1.0,0.0,0.0,0.0
human_score 0.20588235294117646
wins_total 7/34
g1_num_particles 100000
g2_num_particles 100000

Image Creator Information
param_2 400 400 800 400
param_2 400 400 800 400
param_2 400 400 800 400
