SPAM Particle Information
sdss_name 587722984435351614
generation 0
run_number 317
model_name 6n85l7wj08mf0mvxp2i_0005
model_data -9.93853,-4.5805,-18.42024,-3.04177,-0.69571,-6.45174,29.60785,29.44047,3.77575,2.95357,297.13142,39.10366,308.292,125.49902,0.3,0.3,0.0,0.0,0.0,0.0,0.0,0.0,0.19444,0,0,0.48427,-4.15999,4.21198,0.0,0.0,1.0,0.0,0.0,0.0
human_score 0.19444444444444445
wins_total 7/36
g1_num_particles 100000
g2_num_particles 100000

Image Creator Information
param_2 400 400 800 400
param_2 400 400 800 400
param_2 400 400 800 400
