SPAM Particle Information
sdss_name 587722984435351614
generation 0
run_number 318
model_name 1ub16atml47uh6f88fuo_0002
model_data -9.93853,-4.5805,11.82117,-2.49816,1.13728,2.96316,29.49779,9.14937,3.03303,4.85839,307.95627,23.55052,232.26537,129.15262,0.3,0.3,0.0,0.0,0.0,0.0,0.0,0.0,0.18918,0,0,0.02008,0.0,16.18496,0.0,0.0,1.0,0.0,0.0,0.0
human_score 0.1891891891891892
wins_total 7/37
g1_num_particles 100000
g2_num_particles 100000

Image Creator Information
param_2 400 400 800 399
param_2 400 400 800 399
param_2 400 400 800 399
