SPAM Particle Information
sdss_name 587722984435351614
generation 0
run_number 320
model_name qv6eanux8teukbq1kub_0002
model_data -9.93853,-4.5805,5.74387,-1.84966,0.38579,-3.98811,27.23771,26.72928,2.776,4.38662,292.16488,39.30545,233.51165,125.61752,0.3,0.3,0.0,0.0,0.0,0.0,0.0,0.0,0.18918,0,0,0.21043,-2.45999,7.1742,0.0,0.0,1.0,1.0,0.0,0.0
human_score 0.1891891891891892
wins_total 7/37
g1_num_particles 100000
g2_num_particles 100000

Image Creator Information
param_2 400 400 800 399
param_2 400 400 800 399
param_2 400 400 800 399
