SPAM Particle Information
sdss_name 587722984435351614
generation 0
run_number 323
model_name 1ry1ckzr0sgqq9ukenc2_0005
model_data -9.93853,-4.5805,14.49812,-0.18002,-1.97257,-6.5488,29.45253,16.54578,2.9651,4.44041,299.2514,24.79662,127.26474,67.74266,0.3,0.3,0.0,0.0,0.0,0.0,0.0,0.0,0.17647,0,0,0.19201,-5.17999,7.43199,0.0,1.0,1.0,1.0,0.0,0.0
human_score 0.17647058823529413
wins_total 6/34
g1_num_particles 100000
g2_num_particles 100000

Image Creator Information
param_2 400 400 800 399
param_2 400 400 800 399
param_2 400 400 800 399
