SPAM Particle Information
sdss_name 587722984435351614
generation 0
run_number 324
model_name 3ax75wk1l9gsacvw3mm_0000
model_data -9.93853,-4.5805,-3.58555,-1.8603,-2.57642,4.88984,26.14308,23.09368,2.923,4.13116,302.48451,32.82124,324.47098,295.06707,0.3,0.3,0.0,0.0,0.0,0.0,0.0,0.0,0.17647,0,0,0.26792,-3.05999,6.61194,0.0,1.0,0.0,1.0,0.0,0.0
human_score 0.17647058823529413
wins_total 6/34
g1_num_particles 100000
g2_num_particles 100000

Image Creator Information
param_2 400 400 800 399
param_2 400 400 800 399
param_2 400 400 800 399
