SPAM Particle Information
sdss_name 587722984435351614
generation 0
run_number 326
model_name 6m315c2oxct2t5gvf3k_0002
model_data -9.93853,-4.5805,20.60296,-1.88758,0.55944,-1.74033,33.83965,22.66015,3.97635,3.66781,295.30394,23.58011,50.85274,296.95161,0.3,0.3,0.0,0.0,0.0,0.0,0.0,0.0,0.17647,0,0,0.24758,-3.53999,5.49654,0.0,0.0,0.0,0.0,0.0,0.0
human_score 0.17647058823529413
wins_total 6/34
g1_num_particles 100000
g2_num_particles 100000

Image Creator Information
param_2 400 400 800 400
param_2 400 400 800 400
param_2 400 400 800 400
