SPAM Particle Information
sdss_name 587722984435351614
generation 0
run_number 327
model_name 2mut2i01qmnufmrn816_0004
model_data -9.93853,-4.5805,7.95058,-1.46024,-1.89206,2.95848,35.57502,30.22361,2.28477,4.89594,293.34323,21.34532,50.67175,292.11828,0.3,0.3,0.0,0.0,0.0,0.0,0.0,0.0,0.17647,0,0,0.20251,-25.05999,6.83035,0.0,1.0,1.0,0.0,0.0,0.0
human_score 0.17647058823529413
wins_total 6/34
g1_num_particles 100000
g2_num_particles 100000

Image Creator Information
param_2 400 400 800 399
param_2 400 400 800 399
param_2 400 400 800 399
