SPAM Particle Information
sdss_name 587722984435351614
generation 0
run_number 329
model_name 2gmic4giujj7vv9fvv1z_0007
model_data -9.93853,-4.5805,12.83075,-2.08591,-1.55914,8.05628,33.4858,24.14278,2.49512,2.72107,306.34837,19.98245,48.26315,124.60629,0.3,0.3,0.0,0.0,0.0,0.0,0.0,0.0,0.17647,0,0,1.19231,-4.23999,2.62449,0.0,0.0,1.0,0.0,0.0,0.0
human_score 0.17647058823529413
wins_total 6/34
g1_num_particles 100000
g2_num_particles 100000

Image Creator Information
param_2 400 400 800 400
param_2 400 400 800 400
param_2 400 400 800 400
