SPAM Particle Information
sdss_name 587722984435351614
generation 0
run_number 333
model_name 7p5tjonbhrzuam4grk9_0009
model_data -9.93853,-4.5805,4.93674,-0.02576,-0.74319,-5.02943,25.0589,11.17373,3.58689,4.26539,302.88763,19.35829,310.67655,316.8,0.3,0.3,0.0,0.0,0.0,0.0,0.0,0.0,0.17647,0,0,0.79236,-26.37999,3.26973,0.0,1.0,0.0,0.0,0.0,0.0
human_score 0.17647058823529413
wins_total 6/34
g1_num_particles 100000
g2_num_particles 100000

Image Creator Information
param_2 400 400 800 400
param_2 400 400 800 400
param_2 400 400 800 400
