SPAM Particle Information
sdss_name 587722984435351614
generation 0
run_number 334
model_name 6htbpul5dr3hb9af4yn_0003
model_data -9.93853,-4.5805,13.45314,-1.62281,-2.45943,5.45286,21.35687,24.553,1.59862,2.77874,292.63011,22.79066,231.64173,67.77727,0.3,0.3,0.0,0.0,0.0,0.0,0.0,0.0,0.17647,0,0,0.30054,-28.45999,5.35924,0.0,0.0,0.0,0.0,0.0,0.0
human_score 0.17647058823529413
wins_total 6/34
g1_num_particles 100000
g2_num_particles 100000

Image Creator Information
param_2 400 400 800 399
param_2 400 400 800 399
param_2 400 400 800 399
