SPAM Particle Information
sdss_name 587722984435351614
generation 0
run_number 336
model_name 2ooi30c22u21kyjf0m7_0006
model_data -9.93853,-4.5805,-4.57865,-2.03142,2.92038,20.59874,27.22515,24.76254,3.80948,4.79692,305.1865,25.52401,127.91474,236.67633,0.3,0.3,0.0,0.0,0.0,0.0,0.0,0.0,0.17142,0,0,0.05974,-28.83999,11.46911,0.0,0.0,1.0,0.0,0.0,0.0
human_score 0.17142857142857143
wins_total 6/35
g1_num_particles 100000
g2_num_particles 100000

Image Creator Information
param_2 400 400 800 399
param_2 400 400 800 399
param_2 400 400 800 399
