SPAM Particle Information
sdss_name 587722984435351614
generation 0
run_number 337
model_name 1ulml49d0a5nr7ikcpmq_0011
model_data -9.93853,-4.5805,-7.88206,1.17037,0.46183,9.298,35.24572,30.34926,3.30473,3.87953,306.24154,20.95946,140.6918,63.67241,0.3,0.3,0.0,0.0,0.0,0.0,0.0,0.0,0.17142,0,0,82.14375,-9.1,0.20915,0.0,0.0,1.0,0.0,0.0,0.0
human_score 0.17142857142857143
wins_total 6/35
g1_num_particles 100000
g2_num_particles 100000

Image Creator Information
param_2 400 400 800 400
param_2 400 400 800 400
param_2 400 400 800 400
