SPAM Particle Information
sdss_name 587722984435351614
generation 0
run_number 338
model_name 1ulml49d0a5nr7ikcpmq_0023
model_data -9.93853,-4.5805,18.34171,-1.66761,0.03737,-2.98818,36.46544,16.54041,1.59668,4.48136,308.11432,32.00336,45.47121,59.15029,0.3,0.3,0.0,0.0,0.0,0.0,0.0,0.0,0.17142,0,0,1.31842,-27.41999,2.26283,0.0,0.0,1.0,0.0,0.0,0.0
human_score 0.17142857142857143
wins_total 6/35
g1_num_particles 100000
g2_num_particles 100000

Image Creator Information
param_2 400 400 800 400
param_2 400 400 800 400
param_2 400 400 800 400
