SPAM Particle Information
sdss_name 587722984435351614
generation 0
run_number 344
model_name 2s51i9kgb8jdlcpfl7o_0000
model_data -9.93853,-4.5805,-17.01378,-2.75133,0.07742,20.59874,29.67496,23.50864,3.41583,4.14687,293.86618,28.64262,39.34694,119.23479,0.3,0.3,0.0,0.0,0.0,0.0,0.0,0.0,0.17142,0,0,0.64323,-3.61999,3.34344,0.0,0.0,0.0,0.0,0.0,0.0
human_score 0.17142857142857143
wins_total 6/35
g1_num_particles 100000
g2_num_particles 100000

Image Creator Information
param_2 400 400 800 399
param_2 400 400 800 399
param_2 400 400 800 399
