SPAM Particle Information
sdss_name 587722984435351614
generation 0
run_number 346
model_name 2gmic4giujj7vv9fvv1z_0001
model_data -9.93853,-4.5805,12.53424,2.87244,-0.52816,8.05628,27.90895,26.62562,3.10731,4.22287,292.90296,39.45157,309.31495,247.31295,0.3,0.3,0.0,0.0,0.0,0.0,0.0,0.0,0.17142,0,0,0.02998,-1.0,13.59524,0.0,0.0,1.0,1.0,0.0,0.0
human_score 0.17142857142857143
wins_total 6/35
g1_num_particles 100000
g2_num_particles 100000

Image Creator Information
param_2 400 400 800 400
param_2 400 400 800 400
param_2 400 400 800 400
