SPAM Particle Information
sdss_name 587722984435351614
generation 0
run_number 347
model_name 1xiwwtuh6e9bjghtiash_0001
model_data -9.93853,-4.5805,-2.63039,-0.58235,-2.34111,6.11263,27.1259,13.8874,2.18425,3.03571,308.14006,27.30022,318.84119,303.80512,0.3,0.3,0.0,0.0,0.0,0.0,0.0,0.0,0.17142,0,0,0.2346,-25.35999,6.9773,0.0,0.0,1.0,0.0,0.0,0.0
human_score 0.17142857142857143
wins_total 6/35
g1_num_particles 100000
g2_num_particles 100000

Image Creator Information
param_2 400 400 800 399
param_2 400 400 800 399
param_2 400 400 800 399
