SPAM Particle Information
sdss_name 587722984435351614
generation 0
run_number 357
model_name p47op8l021fvhx6k8mn_0014
model_data -9.93853,-4.5805,-11.00193,-3.15081,-1.79722,4.42328,19.63587,19.41263,4.29972,4.95153,293.11433,23.39405,135.31028,305.61182,0.3,0.3,0.0,0.0,0.0,0.0,0.0,0.0,0.16666,0,0,1.25872,-3.13999,2.06665,0.0,0.0,1.0,0.0,0.0,0.0
human_score 0.16666666666666666
wins_total 6/36
g1_num_particles 100000
g2_num_particles 100000

Image Creator Information
param_2 400 400 800 399
param_2 400 400 800 399
param_2 400 400 800 399
