SPAM Particle Information
sdss_name 587722984435351614
generation 0
run_number 360
model_name 9nctqu52sab0ai3d2j_0001
model_data -9.93853,-4.5805,9.34011,0.25272,-2.13026,20.59874,27.88325,28.3229,3.535,4.22244,310.46393,37.06575,316.77669,62.4418,0.3,0.3,0.0,0.0,0.0,0.0,0.0,0.0,0.16666,0,0,0.13446,-24.31999,9.19207,0.0,0.0,1.0,1.0,0.0,0.0
human_score 0.16666666666666666
wins_total 6/36
g1_num_particles 100000
g2_num_particles 100000

Image Creator Information
param_2 400 400 800 399
param_2 400 400 800 399
param_2 400 400 800 399
