SPAM Particle Information
sdss_name 587722984435351614
generation 0
run_number 361
model_name qv6eanux8teukbq1kub_0009
model_data -9.93853,-4.5805,-2.78722,-2.02426,-2.36767,-3.98811,35.70334,13.07722,1.61324,2.6857,297.56327,39.16625,43.38466,57.85632,0.3,0.3,0.0,0.0,0.0,0.0,0.0,0.0,0.16666,0,0,0.38971,-2.49999,4.84857,0.0,0.0,1.0,0.0,0.0,0.0
human_score 0.16666666666666666
wins_total 6/36
g1_num_particles 100000
g2_num_particles 100000

Image Creator Information
param_2 400 400 800 399
param_2 400 400 800 399
param_2 400 400 800 399
