SPAM Particle Information
sdss_name 587722984435351614
generation 0
run_number 363
model_name v04ta547mrhsblu1f5n_0010
model_data -9.93853,-4.5805,-19.98686,-2.55428,0.3667,-7.10416,20.84795,22.80266,4.31012,3.49301,307.87844,37.375,51.0024,62.60869,0.3,0.3,0.0,0.0,0.0,0.0,0.0,0.0,0.16666,0,0,0.23022,-4.69999,5.70135,0.0,1.0,1.0,0.0,0.0,0.0
human_score 0.16666666666666666
wins_total 6/36
g1_num_particles 100000
g2_num_particles 100000

Image Creator Information
param_2 400 400 800 399
param_2 400 400 800 399
param_2 400 400 800 399
