SPAM Particle Information
sdss_name 587722984435351614
generation 0
run_number 364
model_name r46ht5l3wj43je9tt87_0000
model_data -9.93853,-4.5805,24.76474,-2.44385,-2.94918,2.36973,27.31126,24.02546,3.74385,4.26861,299.62022,35.91201,36.60215,55.31678,0.3,0.3,0.0,0.0,0.0,0.0,0.0,0.0,0.16666,0,0,0.25288,-2.95999,4.50847,0.0,0.0,1.0,2.0,0.0,0.0
human_score 0.16666666666666666
wins_total 6/36
g1_num_particles 100000
g2_num_particles 100000

Image Creator Information
param_2 400 400 800 399
param_2 400 400 800 399
param_2 400 400 800 399
