SPAM Particle Information
sdss_name 587722984435351614
generation 0
run_number 368
model_name 6ervkv705b2mwwhf4ui_0007
model_data -9.93853,-4.5805,9.19814,-1.38516,-2.55932,20.59874,29.28706,15.52722,3.63856,3.79813,295.0,28.22067,315.2795,54.65335,0.3,0.3,0.0,0.0,0.0,0.0,0.0,0.0,0.16666,0,0,0.30816,-26.37999,5.63097,0.0,1.0,1.0,2.0,0.0,0.0
human_score 0.16666666666666666
wins_total 6/36
g1_num_particles 100000
g2_num_particles 100000

Image Creator Information
param_2 400 400 800 400
param_2 400 400 800 400
param_2 400 400 800 400
