SPAM Particle Information
sdss_name 587722984435351614
generation 0
run_number 374
model_name 344wdrzceqgjjn27u59_0005
model_data -9.93853,-4.5805,11.02502,-1.94667,-2.33771,9.69259,19.02775,14.50866,3.2648,3.09044,309.95971,25.21682,319.53023,62.04063,0.3,0.3,0.0,0.0,0.0,0.0,0.0,0.0,0.14705,0,0,0.38206,-3.71999,4.10256,0.0,1.0,0.0,0.0,0.0,0.0
human_score 0.14705882352941177
wins_total 5/34
g1_num_particles 100000
g2_num_particles 100000

Image Creator Information
param_2 400 400 800 399
param_2 400 400 800 399
param_2 400 400 800 399
