SPAM Particle Information
sdss_name 587722984435351614
generation 0
run_number 376
model_name 1ry1ckzr0sgqq9ukenc2_0011
model_data -9.93853,-4.5805,2.17624,2.79711,-1.6724,-6.5488,19.88011,24.90885,2.77466,3.01145,297.9392,33.06293,233.62646,298.86497,0.3,0.3,0.0,0.0,0.0,0.0,0.0,0.0,0.14705,0,0,0.09232,-23.69999,10.51892,0.0,0.0,1.0,0.0,0.0,0.0
human_score 0.14705882352941177
wins_total 5/34
g1_num_particles 100000
g2_num_particles 100000

Image Creator Information
param_2 400 400 800 399
param_2 400 400 800 399
param_2 400 400 800 399
