SPAM Particle Information
sdss_name 587722984435351614
generation 0
run_number 377
model_name 1s42vl87phag2kb97hw5_0005
model_data -9.93853,-4.5805,4.77092,-2.08635,0.27668,1.73461,33.95313,27.9249,4.26427,4.00272,297.05493,36.77498,224.86397,67.03002,0.3,0.3,0.0,0.0,0.0,0.0,0.0,0.0,0.14705,0,0,0.22803,-2.21999,7.18199,0.0,0.0,1.0,0.0,0.0,0.0
human_score 0.14705882352941177
wins_total 5/34
g1_num_particles 100000
g2_num_particles 100000

Image Creator Information
param_2 400 400 800 400
param_2 400 400 800 400
param_2 400 400 800 400
