SPAM Particle Information
sdss_name 587722984435351614
generation 0
run_number 379
model_name 6lv46iyh1s3564cqoin_0001
model_data -9.93853,-4.5805,-4.86449,-1.58257,-3.14267,5.78306,35.16571,27.54228,3.40973,2.82197,306.76325,24.65632,307.84545,56.42484,0.3,0.3,0.0,0.0,0.0,0.0,0.0,0.0,0.14705,0,0,0.47725,-20.93999,4.96746,0.0,0.0,0.0,0.0,0.0,0.0
human_score 0.14705882352941177
wins_total 5/34
g1_num_particles 100000
g2_num_particles 100000

Image Creator Information
param_2 400 400 800 399
param_2 400 400 800 399
param_2 400 400 800 399
