SPAM Particle Information
sdss_name 587722984435351614
generation 0
run_number 381
model_name ouj47lmbkcnae3jzpu7_0005
model_data -9.93853,-4.5805,24.89055,-0.58146,-2.19619,-9.45441,34.0942,26.64411,2.15218,3.45966,306.55792,36.22033,53.46758,51.08101,0.3,0.3,0.0,0.0,0.0,0.0,0.0,0.0,0.14705,0,0,0.17042,-3.97999,6.78226,0.0,0.0,1.0,0.0,0.0,0.0
human_score 0.14705882352941177
wins_total 5/34
g1_num_particles 100000
g2_num_particles 100000

Image Creator Information
param_2 400 400 800 399
param_2 400 400 800 399
param_2 400 400 800 399
