SPAM Particle Information
sdss_name 587722984435351614
generation 0
run_number 382
model_name r3454zfq45w8k3yjqj2_0006
model_data -9.93853,-4.5805,8.35319,-2.6378,-0.37775,3.21773,20.95848,21.37873,2.39297,2.80574,302.77401,21.61907,316.10685,114.69757,0.3,0.3,0.0,0.0,0.0,0.0,0.0,0.0,0.14705,0,0,0.18214,-2.02,5.85694,0.0,0.0,1.0,0.0,0.0,0.0
human_score 0.14705882352941177
wins_total 5/34
g1_num_particles 100000
g2_num_particles 100000

Image Creator Information
param_2 400 400 799 399
param_2 400 400 799 399
param_2 400 400 799 399
