SPAM Particle Information
sdss_name 587722984435351614
generation 0
run_number 384
model_name 9nctqu52sab0ai3d2j_0000
model_data -9.93853,-4.5805,22.06622,-2.67713,-2.45227,20.59874,21.83409,25.36138,3.71354,4.50335,305.94527,30.19751,41.8927,60.93055,0.3,0.3,0.0,0.0,0.0,0.0,0.0,0.0,0.14705,0,0,0.49351,-3.19999,3.25003,0.0,0.0,1.0,1.0,0.0,0.0
human_score 0.14705882352941177
wins_total 5/34
g1_num_particles 100000
g2_num_particles 100000

Image Creator Information
param_2 400 400 800 399
param_2 400 400 800 399
param_2 400 400 800 399
