SPAM Particle Information
sdss_name 587722984435351614
generation 0
run_number 387
model_name 1rbrgxig90gf19q1c5rj_0005
model_data -9.93853,-4.5805,20.15514,-1.57545,-2.02385,20.59874,22.0255,11.10021,3.43882,4.46586,291.05415,29.4414,36.65346,59.64787,0.3,0.3,0.0,0.0,0.0,0.0,0.0,0.0,0.14705,0,0,0.19648,-3.03999,4.57273,0.0,0.0,1.0,1.0,0.0,0.0
human_score 0.14705882352941177
wins_total 5/34
g1_num_particles 100000
g2_num_particles 100000

Image Creator Information
param_2 400 400 800 400
param_2 400 400 800 400
param_2 400 400 800 400
