SPAM Particle Information
sdss_name 587722984435351614
generation 0
run_number 389
model_name 2502si7jdv8zt78c70fr_0000
model_data -9.93853,-4.5805,9.33228,-2.30127,-0.90285,20.59874,27.48537,20.02842,3.47239,4.29676,292.8864,26.93638,309.35677,228.57455,0.3,0.3,0.0,0.0,0.0,0.0,0.0,0.0,0.14705,0,0,0.46151,-29.61999,3.91218,0.0,0.0,0.0,0.0,0.0,0.0
human_score 0.14705882352941177
wins_total 5/34
g1_num_particles 100000
g2_num_particles 100000

Image Creator Information
param_2 400 400 800 399
param_2 400 400 800 399
param_2 400 400 800 399
