SPAM Particle Information
sdss_name 587722984435351614
generation 0
run_number 390
model_name 1tvmhvdz5wi02c28ww6l_0014
model_data -9.93853,-4.5805,12.1311,-1.17677,-3.05516,3.29983,34.97183,27.25017,1.41683,4.12594,303.32876,20.87951,130.19003,302.6541,0.3,0.3,0.0,0.0,0.0,0.0,0.0,0.0,0.14705,0,0,0.2607,-3.05999,6.27125,0.0,0.0,1.0,1.0,0.0,0.0
human_score 0.14705882352941177
wins_total 5/34
g1_num_particles 100000
g2_num_particles 100000

Image Creator Information
param_2 400 400 800 400
param_2 400 400 800 400
param_2 400 400 800 400
