SPAM Particle Information
sdss_name 587722984435351614
generation 0
run_number 391
model_name 265jbtnucj39f7uvxq4_0000
model_data -9.93853,-4.5805,18.31837,-1.62906,-0.34892,9.15905,18.30669,9.50982,1.42963,4.94307,292.23454,33.09188,137.44016,54.93578,0.3,0.3,0.0,0.0,0.0,0.0,0.0,0.0,0.14705,0,0,0.51842,-7.12,3.38129,0.0,0.0,0.0,0.0,0.0,0.0
human_score 0.14705882352941177
wins_total 5/34
g1_num_particles 100000
g2_num_particles 100000

Image Creator Information
param_2 400 400 800 399
param_2 400 400 800 399
param_2 400 400 800 399
