SPAM Particle Information
sdss_name 587722984435351614
generation 0
run_number 392
model_name r46ht5l3wj43je9tt87_0002
model_data -9.93853,-4.5805,15.2408,-1.01161,0.33681,2.36973,19.56169,30.61331,3.85815,3.74362,296.40107,29.37292,229.86113,130.32807,0.3,0.3,0.0,0.0,0.0,0.0,0.0,0.0,0.14705,0,0,0.16177,-3.27999,7.10927,0.0,0.0,1.0,1.0,0.0,0.0
human_score 0.14705882352941177
wins_total 5/34
g1_num_particles 100000
g2_num_particles 100000

Image Creator Information
param_2 400 400 800 400
param_2 400 400 800 400
param_2 400 400 800 400
