SPAM Particle Information
sdss_name 587722984435351614
generation 0
run_number 398
model_name 6ervkv705b2mwwhf4ui_0032
model_data -9.93853,-4.5805,9.19814,-1.38516,-2.55932,20.59874,19.85511,13.34459,3.63856,3.79813,294.35276,28.22067,313.06204,54.65335,0.3,0.3,0.0,0.0,0.0,0.0,0.0,0.0,0.14705,0,0,0.20576,-3.91999,6.24748,0.0,1.0,1.0,0.0,0.0,0.0
human_score 0.14705882352941177
wins_total 5/34
g1_num_particles 100000
g2_num_particles 100000

Image Creator Information
param_2 400 400 800 400
param_2 400 400 800 400
param_2 400 400 800 400
