SPAM Particle Information
sdss_name 587722984435351614
generation 0
run_number 400
model_name qrc91grgvyhe04xmz6e_0005
model_data -9.93853,-4.5805,0.39191,-3.13384,-1.83072,-8.48874,33.24022,27.44362,2.91258,3.27889,299.63355,20.166,46.33213,118.12379,0.3,0.3,0.0,0.0,0.0,0.0,0.0,0.0,0.14705,0,0,0.35938,-2.17999,5.49418,0.0,0.0,0.0,0.0,0.0,0.0
human_score 0.14705882352941177
wins_total 5/34
g1_num_particles 100000
g2_num_particles 100000

Image Creator Information
param_2 400 400 800 399
param_2 400 400 800 399
param_2 400 400 800 399
