SPAM Particle Information
sdss_name 587722984435351614
generation 0
run_number 401
model_name qvfnzbq9obygg4y2lvh_0001
model_data -9.93853,-4.5805,2.37999,-1.35959,-2.15703,0.357,26.92585,9.32182,3.47458,3.08091,302.73653,26.51448,319.29811,302.61415,0.3,0.3,0.0,0.0,0.0,0.0,0.0,0.0,0.14705,0,0,0.40998,-3.43999,4.53976,0.0,0.0,0.0,1.0,0.0,0.0
human_score 0.14705882352941177
wins_total 5/34
g1_num_particles 100000
g2_num_particles 100000

Image Creator Information
param_2 400 400 800 400
param_2 400 400 800 400
param_2 400 400 800 400
