SPAM Particle Information
sdss_name 587722984435351614
generation 0
run_number 404
model_name 2qsu1rz66pcaxmf76r_0002
model_data -9.93853,-4.5805,-3.38389,-2.2781,-2.05256,2.40244,17.25681,17.48732,4.22273,3.10583,310.74219,34.88318,225.4259,116.17749,0.3,0.3,0.0,0.0,0.0,0.0,0.0,0.0,0.14705,0,0,0.31553,-3.27999,5.11799,0.0,0.0,0.0,0.0,0.0,0.0
human_score 0.14705882352941177
wins_total 5/34
g1_num_particles 100000
g2_num_particles 100000

Image Creator Information
param_2 400 400 800 399
param_2 400 400 800 399
param_2 400 400 800 399
