SPAM Particle Information
sdss_name 587722984435351614
generation 0
run_number 406
model_name pyausiw2hm4bbkcqe4x_0038
model_data -9.93853,-4.5805,18.81227,-2.53569,-2.73868,2.18925,33.43662,28.37131,2.87262,4.63017,306.99152,34.89708,321.93047,129.05565,0.3,0.3,0.0,0.0,0.0,0.0,0.0,0.0,0.14705,0,0,0.40911,-3.25999,4.33596,0.0,0.0,1.0,0.0,0.0,0.0
human_score 0.14705882352941177
wins_total 5/34
g1_num_particles 100000
g2_num_particles 100000

Image Creator Information
param_2 400 400 800 399
param_2 400 400 800 399
param_2 400 400 800 399
