SPAM Particle Information
sdss_name 587722984435351614
generation 0
run_number 409
model_name 1ulml49d0a5nr7ikcpmq_0004
model_data -9.93853,-4.5805,5.73736,-1.79951,-2.92111,-2.98818,25.97876,20.6463,3.35514,3.74031,298.67788,29.71578,223.71908,306.70737,0.3,0.3,0.0,0.0,0.0,0.0,0.0,0.0,0.14285,0,0,0.42893,-3.05999,4.59897,0.0,0.0,1.0,1.0,0.0,0.0
human_score 0.14285714285714285
wins_total 5/35
g1_num_particles 100000
g2_num_particles 100000

Image Creator Information
param_2 400 400 800 399
param_2 400 400 800 399
param_2 400 400 800 399
