SPAM Particle Information
sdss_name 587722984435351614
generation 0
run_number 410
model_name 1ry1ckzr0sgqq9ukenc2_0010
model_data -9.93853,-4.5805,13.56276,0.22003,-1.36872,-6.5488,34.25124,19.74697,3.32989,4.22631,303.56815,31.76759,140.42171,58.10525,0.3,0.3,0.0,0.0,0.0,0.0,0.0,0.0,0.14285,0,0,0.15702,-3.77999,8.28212,0.0,1.0,1.0,0.0,0.0,0.0
human_score 0.14285714285714285
wins_total 5/35
g1_num_particles 100000
g2_num_particles 100000

Image Creator Information
param_2 400 400 800 399
param_2 400 400 800 399
param_2 400 400 800 399
