SPAM Particle Information
sdss_name 587722984435351614
generation 0
run_number 415
model_name 2w1na216swvgn5h1kae_0015
model_data -9.93853,-4.5805,13.92117,0.34166,-1.07246,-3.81332,34.35065,21.12875,2.00846,4.16509,303.98425,29.02969,134.38656,63.25252,0.3,0.3,0.0,0.0,0.0,0.0,0.0,0.0,0.14285,0,0,0.32941,-5.94,6.08673,0.0,0.0,1.0,0.0,0.0,0.0
human_score 0.14285714285714285
wins_total 5/35
g1_num_particles 100000
g2_num_particles 100000

Image Creator Information
param_2 400 400 800 399
param_2 400 400 800 399
param_2 400 400 800 399
