SPAM Particle Information
sdss_name 587722984435351614
generation 0
run_number 416
model_name 1rt6955huwtsbapm8lh5_0041
model_data -9.93853,-4.5805,3.89246,-1.45457,-0.86091,-5.50964,11.61826,8.50575,4.18263,3.02968,304.64741,29.68601,141.51039,296.99595,0.3,0.3,0.0,0.0,0.0,0.0,0.0,0.0,0.14285,0,0,0.23931,-3.83999,4.89218,0.0,0.0,1.0,0.0,0.0,0.0
human_score 0.14285714285714285
wins_total 5/35
g1_num_particles 100000
g2_num_particles 100000

Image Creator Information
param_2 400 400 800 399
param_2 400 400 800 399
param_2 400 400 800 399
