SPAM Particle Information
sdss_name 587722984435351614
generation 0
run_number 417
model_name 2gmic4giujj7vv9fvv1z_0010
model_data -9.93853,-4.5805,2.88296,0.03288,-0.40526,-0.11472,23.81879,9.9714,4.55279,4.61073,294.45524,24.74651,317.79456,233.88997,0.3,0.3,0.0,0.0,0.0,0.0,0.0,0.0,0.14285,0,0,16.85089,-6.84,0.43013,0.0,0.0,0.0,0.0,0.0,0.0
human_score 0.14285714285714285
wins_total 5/35
g1_num_particles 100000
g2_num_particles 100000

Image Creator Information
param_2 400 400 800 399
param_2 400 400 800 399
param_2 400 400 800 399
