SPAM Particle Information
sdss_name 587722984435351614
generation 0
run_number 419
model_name 2p1jbl53c7tvmamqd12_0004
model_data -9.93853,-4.5805,10.40732,-2.73118,-0.45054,-8.85334,33.12594,12.82902,2.68729,4.91624,309.01893,26.91357,42.35211,113.38583,0.3,0.3,0.0,0.0,0.0,0.0,0.0,0.0,0.14285,0,0,0.34113,-2.35999,4.33927,0.0,0.0,1.0,0.0,0.0,0.0
human_score 0.14285714285714285
wins_total 5/35
g1_num_particles 100000
g2_num_particles 100000

Image Creator Information
param_2 400 400 800 400
param_2 400 400 800 400
param_2 400 400 800 400
