SPAM Particle Information
sdss_name 587722984435351614
generation 0
run_number 420
model_name 1ubdkvyzmxy9854pzdsj_0005
model_data -9.93853,-4.5805,7.3973,-1.96798,0.69684,-4.62141,32.80678,30.80366,2.68939,2.57409,297.34942,28.97311,231.48359,58.38031,0.3,0.3,0.0,0.0,0.0,0.0,0.0,0.0,0.14285,0,0,0.17467,-2.04,7.78471,0.0,0.0,1.0,1.0,0.0,0.0
human_score 0.14285714285714285
wins_total 5/35
g1_num_particles 100000
g2_num_particles 100000

Image Creator Information
param_2 400 400 800 399
param_2 400 400 800 399
param_2 400 400 800 399
