SPAM Particle Information
sdss_name 587722984435351614
generation 0
run_number 421
model_name 1ubdkvyzmxy9854pzdsj_0006
model_data -9.93853,-4.5805,-18.06176,-1.91981,-1.05778,-4.62141,23.64509,10.48409,3.86215,4.161,293.85515,36.4223,36.54613,63.00136,0.3,0.3,0.0,0.0,0.0,0.0,0.0,0.0,0.14285,0,0,0.15065,-2.45999,5.06393,0.0,0.0,1.0,1.0,0.0,0.0
human_score 0.14285714285714285
wins_total 5/35
g1_num_particles 100000
g2_num_particles 100000

Image Creator Information
param_2 400 400 800 400
param_2 400 400 800 400
param_2 400 400 800 400
