SPAM Particle Information
sdss_name 587722984435351614
generation 0
run_number 425
model_name r0y5y27xap4jogfqatv_0001
model_data -9.93853,-4.5805,17.37968,0.05777,2.72833,-9.19947,27.88644,26.91637,3.78406,4.28579,294.06846,33.15753,42.76391,309.50049,0.3,0.3,0.0,0.0,0.0,0.0,0.0,0.0,0.14285,0,0,0.03596,-2.0,13.64969,0.0,0.0,1.0,1.0,0.0,0.0
human_score 0.14285714285714285
wins_total 5/35
g1_num_particles 100000
g2_num_particles 100000

Image Creator Information
param_2 400 400 800 399
param_2 400 400 800 399
param_2 400 400 800 399
