SPAM Particle Information
sdss_name 587722984435351614
generation 0
run_number 429
model_name qvuj65hwzxprg96kf92_0000
model_data -9.93853,-4.5805,18.26188,-1.62429,1.09859,9.40969,21.87408,31.24581,3.7085,4.23189,297.15182,22.6955,47.17187,247.04274,0.3,0.3,0.0,0.0,0.0,0.0,0.0,0.0,0.14285,0,0,0.19953,-5.11999,7.16488,0.0,1.0,1.0,1.0,0.0,0.0
human_score 0.14285714285714285
wins_total 5/35
g1_num_particles 100000
g2_num_particles 100000

Image Creator Information
param_2 400 400 799 399
param_2 400 400 799 399
param_2 400 400 799 399
