SPAM Particle Information
sdss_name 587722984435351614
generation 0
run_number 435
model_name 2lk6p1thy4phr76pjnw_0001
model_data -9.93853,-4.5805,16.21732,-1.4547,0.68031,9.52223,27.16019,17.5811,4.07992,4.66667,297.85903,39.15333,51.22563,237.70571,0.3,0.3,0.0,0.0,0.0,0.0,0.0,0.0,0.14285,0,0,0.25119,-4.47999,5.77291,0.0,0.0,0.0,0.0,0.0,0.0
human_score 0.14285714285714285
wins_total 5/35
g1_num_particles 100000
g2_num_particles 100000

Image Creator Information
param_2 400 400 800 399
param_2 400 400 800 399
param_2 400 400 800 399
