SPAM Particle Information
sdss_name 587722984435351614
generation 0
run_number 436
model_name 1ugxo1lis0024gtdw7pg_0005
model_data -9.93853,-4.5805,3.93025,-2.0581,2.10199,1.05022,23.0196,18.57297,3.02608,4.68862,306.32728,24.53306,316.28719,232.94566,0.3,0.3,0.0,0.0,0.0,0.0,0.0,0.0,0.14285,0,0,0.03723,0.0,11.6619,0.0,1.0,0.0,0.0,0.0,0.0
human_score 0.14285714285714285
wins_total 5/35
g1_num_particles 100000
g2_num_particles 100000

Image Creator Information
param_2 400 400 800 399
param_2 400 400 800 399
param_2 400 400 800 399
