SPAM Particle Information
sdss_name 587722984435351614
generation 0
run_number 438
model_name 2ooi30c22u21kyjf0m7_0005
model_data -9.93853,-4.5805,18.34311,2.837,-1.59866,20.59874,27.1442,30.34671,2.85877,3.17961,309.98681,34.75317,126.05484,120.04057,0.3,0.3,0.0,0.0,0.0,0.0,0.0,0.0,0.13888,0,0,0.11459,-22.69999,8.68572,0.0,0.0,1.0,0.0,0.0,0.0
human_score 0.1388888888888889
wins_total 5/36
g1_num_particles 100000
g2_num_particles 100000

Image Creator Information
param_2 400 400 800 399
param_2 400 400 800 399
param_2 400 400 800 399
