SPAM Particle Information
sdss_name 587722984435351614
generation 0
run_number 443
model_name 2w1na216swvgn5h1kae_0008
model_data -9.93853,-4.5805,12.23225,-0.96422,-0.1707,-5.69533,35.16852,12.03337,3.15691,4.80398,301.06131,20.03396,225.95025,300.34014,0.3,0.3,0.0,0.0,0.0,0.0,0.0,0.0,0.13888,0,0,0.10965,-2.31999,8.02658,0.0,0.0,1.0,0.0,0.0,0.0
human_score 0.1388888888888889
wins_total 5/36
g1_num_particles 100000
g2_num_particles 100000

Image Creator Information
param_2 400 400 800 400
param_2 400 400 800 400
param_2 400 400 800 400
