SPAM Particle Information
sdss_name 587722984435351614
generation 0
run_number 444
model_name 2w1na216swvgn5h1kae_0014
model_data -9.93853,-4.5805,21.73432,-1.94089,-3.10526,-3.81332,14.65642,29.268,3.56071,4.33539,309.91051,28.50757,312.68984,247.05931,0.3,0.3,0.0,0.0,0.0,0.0,0.0,0.0,0.13888,0,0,0.15907,-2.73999,5.43471,0.0,0.0,1.0,0.0,0.0,0.0
human_score 0.1388888888888889
wins_total 5/36
g1_num_particles 100000
g2_num_particles 100000

Image Creator Information
param_2 400 400 800 399
param_2 400 400 800 399
param_2 400 400 800 399
