SPAM Particle Information
sdss_name 587722984435351614
generation 0
run_number 451
model_name 6gzeuiyo71sse26zgp9_0005
model_data -9.93853,-4.5805,-21.86583,-2.33459,-2.21876,0.83739,14.72874,29.79923,3.5492,4.3117,300.43425,31.96989,139.29867,229.06642,0.3,0.3,0.0,0.0,0.0,0.0,0.0,0.0,0.13888,0,0,0.62761,-3.23999,2.79478,0.0,0.0,1.0,0.0,0.0,0.0
human_score 0.1388888888888889
wins_total 5/36
g1_num_particles 100000
g2_num_particles 100000

Image Creator Information
param_2 400 400 800 400
param_2 400 400 800 400
param_2 400 400 800 400
