SPAM Particle Information
sdss_name 587722984435351614
generation 0
run_number 452
model_name 2nx868zfvm80gx1ozqv_0001
model_data -9.93853,-4.5805,-0.70234,-0.37236,-1.83525,3.75063,22.75899,8.97536,3.6168,4.27431,302.3125,28.0,127.45341,360.0,0.3,0.3,0.0,0.0,0.0,0.0,0.0,0.0,0.13888,0,0,0.2841,-29.01999,6.17861,0.0,1.0,0.0,0.0,0.0,0.0
human_score 0.1388888888888889
wins_total 5/36
g1_num_particles 100000
g2_num_particles 100000

Image Creator Information
param_2 400 400 800 399
param_2 400 400 800 399
param_2 400 400 800 399
