SPAM Particle Information
sdss_name 587722984435351614
generation 0
run_number 455
model_name somojjt0wkvc7dsxxfi_0001
model_data -9.93853,-4.5805,6.41959,-0.31965,0.36205,-5.24516,35.43755,14.55588,3.37067,4.83512,299.06355,28.91043,44.95534,309.60722,0.3,0.3,0.0,0.0,0.0,0.0,0.0,0.0,0.13513,0,0,0.17957,-3.57999,8.84619,0.0,0.0,1.0,1.0,0.0,0.0
human_score 0.13513513513513514
wins_total 5/37
g1_num_particles 100000
g2_num_particles 100000

Image Creator Information
param_2 400 400 800 400
param_2 400 400 800 400
param_2 400 400 800 400
