SPAM Particle Information
sdss_name 587722984435351614
generation 0
run_number 459
model_name 6ipnnstuen6zdxxugjy_0000
model_data -9.93853,-4.5805,3.14871,0.12997,-1.85668,-2.52558,34.78831,17.77684,4.20841,3.94266,302.50311,25.69413,40.71347,229.16647,0.3,0.3,0.0,0.0,0.0,0.0,0.0,0.0,0.11764,0,0,0.50093,-6.36,5.23565,0.0,0.0,1.0,1.0,0.0,0.0
human_score 0.11764705882352941
wins_total 4/34
g1_num_particles 100000
g2_num_particles 100000

Image Creator Information
param_2 400 400 800 400
param_2 400 400 800 400
param_2 400 400 800 400
