SPAM Particle Information
sdss_name 587722984435351614
generation 0
run_number 460
model_name 6ipnnstuen6zdxxugjy_0002
model_data -9.93853,-4.5805,3.457,-0.6067,-0.21378,-2.52558,22.75836,24.0773,3.67737,3.36099,308.79296,22.55262,225.87458,231.21449,0.3,0.3,0.0,0.0,0.0,0.0,0.0,0.0,0.11764,0,0,0.64833,-23.55999,4.09782,0.0,0.0,1.0,1.0,0.0,0.0
human_score 0.11764705882352941
wins_total 4/34
g1_num_particles 100000
g2_num_particles 100000

Image Creator Information
param_2 400 400 800 399
param_2 400 400 800 399
param_2 400 400 800 399
