SPAM Particle Information
sdss_name 587722984435351614
generation 0
run_number 463
model_name ouj47lmbkcnae3jzpu7_0002
model_data -9.93853,-4.5805,18.27067,-2.48343,-2.78758,-9.45441,29.30653,28.42322,4.38937,4.9282,294.41603,24.29277,323.65763,56.05725,0.3,0.3,0.0,0.0,0.0,0.0,0.0,0.0,0.11764,0,0,0.48177,-2.93999,3.73004,0.0,0.0,1.0,1.0,0.0,0.0
human_score 0.11764705882352941
wins_total 4/34
g1_num_particles 100000
g2_num_particles 100000

Image Creator Information
param_2 400 400 800 400
param_2 400 400 800 400
param_2 400 400 800 400
