SPAM Particle Information
sdss_name 587722984435351614
generation 0
run_number 469
model_name 2w1na216swvgn5h1kae_0004
model_data -9.93853,-4.5805,-0.15436,-1.28706,-1.29436,-5.69533,27.7006,28.85912,3.49057,4.54651,306.38197,36.66303,320.85542,64.71513,0.3,0.3,0.0,0.0,0.0,0.0,0.0,0.0,0.11764,0,0,0.40441,-21.49999,5.82673,0.0,0.0,1.0,1.0,0.0,0.0
human_score 0.11764705882352941
wins_total 4/34
g1_num_particles 100000
g2_num_particles 100000

Image Creator Information
param_2 400 400 800 400
param_2 400 400 800 400
param_2 400 400 800 400
