SPAM Particle Information
sdss_name 587722984435351614
generation 0
run_number 470
model_name 2w1na216swvgn5h1kae_0009
model_data -9.93853,-4.5805,-9.17292,-2.6716,-3.11734,-5.69533,19.00249,25.96425,4.26159,4.11428,298.89711,35.96034,313.30142,245.64451,0.3,0.3,0.0,0.0,0.0,0.0,0.0,0.0,0.11764,0,0,0.48684,-2.31999,3.58447,0.0,0.0,1.0,0.0,0.0,0.0
human_score 0.11764705882352941
wins_total 4/34
g1_num_particles 100000
g2_num_particles 100000

Image Creator Information
param_2 400 400 800 399
param_2 400 400 800 399
param_2 400 400 800 399
