SPAM Particle Information
sdss_name 587722984435351614
generation 0
run_number 473
model_name 2p06snnj5f3n7hvh68d_0005
model_data -9.93853,-4.5805,21.61984,-0.3543,-1.0285,-9.66717,15.4075,25.10499,4.17423,3.48097,298.06907,33.16293,320.67196,298.68662,0.3,0.3,0.0,0.0,0.0,0.0,0.0,0.0,0.11764,0,0,0.11723,-3.75999,7.09435,0.0,0.0,0.0,0.0,0.0,0.0
human_score 0.11764705882352941
wins_total 4/34
g1_num_particles 100000
g2_num_particles 100000

Image Creator Information
param_2 400 400 800 400
param_2 400 400 800 400
param_2 400 400 800 400
