SPAM Particle Information
sdss_name 587722984435351614
generation 0
run_number 474
model_name 1rbrgxig90gf19q1c5rj_0022
model_data -9.93853,-4.5805,2.93969,1.84236,2.44276,-3.06648,16.84176,14.66219,3.47234,3.70822,291.39451,38.70974,132.45741,240.31627,0.3,0.3,0.0,0.0,0.0,0.0,0.0,0.0,0.11764,0,0,0.02464,0.0,11.43271,0.0,0.0,1.0,0.0,0.0,0.0
human_score 0.11764705882352941
wins_total 4/34
g1_num_particles 100000
g2_num_particles 100000

Image Creator Information
param_2 400 400 800 399
param_2 400 400 800 399
param_2 400 400 800 399
