SPAM Particle Information
sdss_name 587722984435351614
generation 0
run_number 476
model_name pjljuqyydgeq0iekdom_0000
model_data -9.93853,-4.5805,12.71816,0.56648,-2.11453,-0.7202,29.54893,30.21123,4.48098,4.24834,300.18253,39.31717,36.50949,59.81731,0.3,0.3,0.0,0.0,0.0,0.0,0.0,0.0,0.11764,0,0,0.14233,-9.84,10.95463,0.0,0.0,0.0,0.0,0.0,0.0
human_score 0.11764705882352941
wins_total 4/34
g1_num_particles 100000
g2_num_particles 100000

Image Creator Information
param_2 400 400 800 399
param_2 400 400 800 399
param_2 400 400 800 399
