SPAM Particle Information
sdss_name 587722984435351614
generation 0
run_number 477
model_name p7kklkcqfr109ka0699_0000
model_data -9.93853,-4.5805,-12.06342,-2.09118,-3.07316,3.28192,32.80078,14.74403,4.17418,3.1954,294.54283,37.36333,45.09258,309.66464,0.3,0.3,0.0,0.0,0.0,0.0,0.0,0.0,0.11764,0,0,0.23865,-28.77999,5.93762,0.0,0.0,1.0,1.0,0.0,0.0
human_score 0.11764705882352941
wins_total 4/34
g1_num_particles 100000
g2_num_particles 100000

Image Creator Information
param_2 400 400 800 399
param_2 400 400 800 399
param_2 400 400 800 399
