SPAM Particle Information
sdss_name 587722984435351614
generation 0
run_number 478
model_name 1z9cd7oa4se5imb0mcpq_0001
model_data -9.93853,-4.5805,14.49812,-1.2602,-2.09334,20.59874,16.54566,23.67571,2.38985,5.13026,302.5,15.4375,310.80745,297.3913,0.3,0.3,0.0,0.0,0.0,0.0,0.0,0.0,0.11764,0,0,0.16882,-2.67999,5.79252,0.0,1.0,0.0,0.0,0.0,0.0
human_score 0.11764705882352941
wins_total 4/34
g1_num_particles 100000
g2_num_particles 100000

Image Creator Information
param_2 400 400 800 400
param_2 400 400 800 400
param_2 400 400 800 400
