SPAM Particle Information
sdss_name 587722984435351614
generation 0
run_number 482
model_name 1u0tl07v7k9ivm8nx4nl_0006
model_data -9.93853,-4.5805,13.87454,-1.40328,-0.55042,7.36791,12.79735,17.52181,3.39628,2.89262,300.22724,22.08977,225.76649,64.30855,0.3,0.3,0.0,0.0,0.0,0.0,0.0,0.0,0.11764,0,0,56.6689,-4.85999,0.20467,0.0,1.0,1.0,0.0,0.0,0.0
human_score 0.11764705882352941
wins_total 4/34
g1_num_particles 100000
g2_num_particles 100000

Image Creator Information
param_2 400 400 800 399
param_2 400 400 800 399
param_2 400 400 800 399
