SPAM Particle Information
sdss_name 587722984435351614
generation 0
run_number 484
model_name 6ervkv705b2mwwhf4ui_0009
model_data -9.93853,-4.5805,9.19814,-1.38516,-2.55932,20.59874,16.71113,15.52722,3.49825,4.46419,299.875,14.875,357.76397,15.65217,0.3,0.3,0.0,0.0,0.0,0.0,0.0,0.0,0.11764,0,0,0.19815,-3.91999,6.29978,0.0,1.0,1.0,2.0,0.0,0.0
human_score 0.11764705882352941
wins_total 4/34
g1_num_particles 100000
g2_num_particles 100000

Image Creator Information
param_2 400 400 800 400
param_2 400 400 800 400
param_2 400 400 800 400
