SPAM Particle Information
sdss_name 587722984435351614
generation 0
run_number 488
model_name 1rzodrgasif1c31ih2j2_0032
model_data -9.93853,-4.5805,-18.531,-1.98437,0.78924,-2.60998,19.44812,25.00797,3.48085,3.56631,307.76048,24.66237,318.61517,298.02411,0.3,0.3,0.0,0.0,0.0,0.0,0.0,0.0,0.11764,0,0,0.06194,-1.9,8.18345,0.0,0.0,1.0,0.0,0.0,0.0
human_score 0.11764705882352941
wins_total 4/34
g1_num_particles 100000
g2_num_particles 100000

Image Creator Information
param_2 400 400 800 399
param_2 400 400 800 399
param_2 400 400 800 399
