SPAM Particle Information
sdss_name 587722984435351614
generation 0
run_number 491
model_name 1tv0isfi8wo4e1iu3nx5_0002
model_data -9.93853,-4.5805,2.35016,-1.0848,-2.80649,-7.43553,35.73632,28.3965,2.89127,4.4612,307.17134,39.27517,307.16007,60.42285,0.3,0.3,0.0,0.0,0.0,0.0,0.0,0.0,0.11764,0,0,0.34272,-2.71999,6.25252,0.0,0.0,1.0,1.0,0.0,0.0
human_score 0.11764705882352941
wins_total 4/34
g1_num_particles 100000
g2_num_particles 100000

Image Creator Information
param_2 400 400 800 400
param_2 400 400 800 400
param_2 400 400 800 400
