SPAM Particle Information
sdss_name 587722984435351614
generation 0
run_number 497
model_name 1ulml49d0a5nr7ikcpmq_0002
model_data -9.93853,-4.5805,8.16565,-2.48112,-1.10455,-2.98818,17.58931,26.74346,2.4355,2.74566,307.02093,27.07525,325.42618,239.28338,0.3,0.3,0.0,0.0,0.0,0.0,0.0,0.0,0.11428,0,0,0.59176,-2.53999,3.34692,0.0,0.0,1.0,2.0,0.0,0.0
human_score 0.11428571428571428
wins_total 4/35
g1_num_particles 100000
g2_num_particles 100000

Image Creator Information
param_2 400 400 800 400
param_2 400 400 800 400
param_2 400 400 800 400
