SPAM Particle Information
sdss_name 587722984435351614
generation 0
run_number 499
model_name 1ulml49d0a5nr7ikcpmq_0017
model_data -9.93853,-4.5805,17.46589,-0.34613,-1.55945,1.07782,27.17676,12.06398,4.27592,4.09296,310.46608,20.03216,137.22116,61.37176,0.3,0.3,0.0,0.0,0.0,0.0,0.0,0.0,0.11428,0,0,0.13662,-3.83999,7.04755,0.0,0.0,1.0,0.0,0.0,0.0
human_score 0.11428571428571428
wins_total 4/35
g1_num_particles 100000
g2_num_particles 100000

Image Creator Information
param_2 400 400 800 399
param_2 400 400 800 399
param_2 400 400 800 399
