SPAM Particle Information
sdss_name 587722984435351614
generation 0
run_number 503
model_name 2w1na216swvgn5h1kae_0003
model_data -9.93853,-4.5805,15.96306,-2.19102,-2.29638,-3.81332,16.50711,22.78878,1.63039,3.27595,299.51699,32.85075,40.0703,301.54392,0.3,0.3,0.0,0.0,0.0,0.0,0.0,0.0,0.11428,0,0,0.41777,-2.71999,3.40776,0.0,0.0,1.0,1.0,0.0,0.0
human_score 0.11428571428571428
wins_total 4/35
g1_num_particles 100000
g2_num_particles 100000

Image Creator Information
param_2 400 400 800 400
param_2 400 400 800 400
param_2 400 400 800 400
