SPAM Particle Information
sdss_name 587722984435351614
generation 0
run_number 505
model_name 1twdqs65humumfngntpf_0008
model_data -9.93853,-4.5805,20.39115,-2.38293,0.38869,-6.52273,14.03745,30.13059,2.46694,3.68406,304.79416,30.06468,36.26622,304.27066,0.3,0.3,0.0,0.0,0.0,0.0,0.0,0.0,0.11428,0,0,0.27268,-3.69999,4.73597,0.0,0.0,1.0,1.0,0.0,0.0
human_score 0.11428571428571428
wins_total 4/35
g1_num_particles 100000
g2_num_particles 100000

Image Creator Information
param_2 400 400 800 399
param_2 400 400 800 399
param_2 400 400 800 399
