SPAM Particle Information
sdss_name 587722984435351614
generation 0
run_number 508
model_name 6doot7zvgjyj5216akg_0001
model_data -9.93853,-4.5805,-25.06312,2.26703,1.01039,-7.20353,14.59084,25.79676,2.51372,4.45871,295.91968,27.65071,233.72321,292.6425,0.3,0.3,0.0,0.0,0.0,0.0,0.0,0.0,0.11428,0,0,0.01724,-3.13999,18.02453,0.0,0.0,1.0,1.0,0.0,0.0
human_score 0.11428571428571428
wins_total 4/35
g1_num_particles 100000
g2_num_particles 100000

Image Creator Information
param_2 400 400 800 400
param_2 400 400 800 400
param_2 400 400 800 400
