SPAM Particle Information
sdss_name 587722984435351614
generation 0
run_number 509
model_name me3yy1b1m278azcjn19_0006
model_data -9.93853,-4.5805,24.61211,0.00221,-1.64292,-7.55348,21.87768,10.29254,2.63913,4.95067,310.23795,36.2395,145.48071,308.73621,0.3,0.3,0.0,0.0,0.0,0.0,0.0,0.0,0.11428,0,0,0.06991,-4.75999,8.76831,0.0,0.0,1.0,0.0,0.0,0.0
human_score 0.11428571428571428
wins_total 4/35
g1_num_particles 100000
g2_num_particles 100000

Image Creator Information
param_2 400 400 800 399
param_2 400 400 800 399
param_2 400 400 800 399
