SPAM Particle Information
sdss_name 587722984435351614
generation 0
run_number 510
model_name 1sufbgly3qlzf2u9hx86_0002
model_data -9.93853,-4.5805,-17.30421,-1.54025,-1.40898,0.11258,19.52417,21.92961,2.87349,4.28577,308.07366,38.875,53.18989,344.34782,0.3,0.3,0.0,0.0,0.0,0.0,0.0,0.0,0.11428,0,0,0.20054,-2.67999,5.04558,0.0,1.0,1.0,1.0,0.0,0.0
human_score 0.11428571428571428
wins_total 4/35
g1_num_particles 100000
g2_num_particles 100000

Image Creator Information
param_2 400 400 800 400
param_2 400 400 800 400
param_2 400 400 800 400
