SPAM Particle Information
sdss_name 587722984435351614
generation 0
run_number 512
model_name 1rt6955huwtsbapm8lh5_0011
model_data -9.93853,-4.5805,3.89246,-0.6201,-1.65052,-5.50964,27.63233,13.6356,3.02122,3.08449,287.125,30.4375,317.51552,319.75155,0.3,0.3,0.0,0.0,0.0,0.0,0.0,0.0,0.11428,0,0,0.27454,-3.79999,6.36193,0.0,1.0,1.0,1.0,0.0,0.0
human_score 0.11428571428571428
wins_total 4/35
g1_num_particles 100000
g2_num_particles 100000

Image Creator Information
param_2 400 400 800 400
param_2 400 400 800 400
param_2 400 400 800 400
