SPAM Particle Information
sdss_name 587722984435351614
generation 0
run_number 515
model_name p7kklkcqfr109ka0699_0006
model_data -9.93853,-4.5805,16.64923,-2.82147,0.25743,3.28192,17.14465,8.93656,2.76443,4.94526,302.28958,32.36937,36.50275,307.32308,0.3,0.3,0.0,0.0,0.0,0.0,0.0,0.0,0.11428,0,0,0.16978,-4.11999,5.36721,0.0,0.0,1.0,0.0,0.0,0.0
human_score 0.11428571428571428
wins_total 4/35
g1_num_particles 100000
g2_num_particles 100000

Image Creator Information
param_2 400 400 800 399
param_2 400 400 800 399
param_2 400 400 800 399
