SPAM Particle Information
sdss_name 587722984435351614
generation 0
run_number 516
model_name 1s3qm99lh6mjb0q3oqgg_0017
model_data -9.93853,-4.5805,0.83718,-2.09365,-2.50427,6.90514,27.26413,26.87987,2.59399,3.84847,307.99211,33.25461,41.49524,54.32059,0.3,0.3,0.0,0.0,0.0,0.0,0.0,0.0,0.11428,0,0,0.3913,-2.71999,5.30732,0.0,0.0,0.0,0.0,0.0,0.0
human_score 0.11428571428571428
wins_total 4/35
g1_num_particles 100000
g2_num_particles 100000

Image Creator Information
param_2 400 400 800 399
param_2 400 400 800 399
param_2 400 400 800 399
