SPAM Particle Information
sdss_name 587722984435351614
generation 0
run_number 519
model_name 1ubdkvyzmxy9854pzdsj_0019
model_data -9.93853,-4.5805,23.19193,-2.0168,1.90867,-4.62141,34.33484,28.36393,3.09834,4.64698,302.20105,34.49106,221.29844,239.87601,0.3,0.3,0.0,0.0,0.0,0.0,0.0,0.0,0.11428,0,0,0.08198,-27.87999,11.50485,0.0,0.0,1.0,0.0,0.0,0.0
human_score 0.11428571428571428
wins_total 4/35
g1_num_particles 100000
g2_num_particles 100000

Image Creator Information
param_2 400 400 800 400
param_2 400 400 800 400
param_2 400 400 800 400
