SPAM Particle Information
sdss_name 587722984435351614
generation 0
run_number 521
model_name p7esl68433sy7uh4fd6_0012
model_data -9.93853,-4.5805,24.36826,-1.89928,-2.25437,-1.23803,13.7979,27.79431,2.90239,3.6455,302.07028,29.77452,316.10536,310.29557,0.3,0.3,0.0,0.0,0.0,0.0,0.0,0.0,0.11428,0,0,0.20457,-2.67999,4.38356,0.0,1.0,0.0,0.0,0.0,0.0
human_score 0.11428571428571428
wins_total 4/35
g1_num_particles 100000
g2_num_particles 100000

Image Creator Information
param_2 400 400 800 400
param_2 400 400 800 400
param_2 400 400 800 400
