SPAM Particle Information
sdss_name 587722984435351614
generation 0
run_number 524
model_name 1u92divs43esadwumgr4_0000
model_data -9.93853,-4.5805,3.02144,-2.18906,-2.91568,7.54882,33.45808,12.77319,2.30955,3.58238,303.78297,20.88664,320.12734,244.87012,0.3,0.3,0.0,0.0,0.0,0.0,0.0,0.0,0.11428,0,0,0.46819,-2.45999,4.19149,0.0,0.0,0.0,0.0,0.0,0.0
human_score 0.11428571428571428
wins_total 4/35
g1_num_particles 100000
g2_num_particles 100000

Image Creator Information
param_2 400 400 800 400
param_2 400 400 800 400
param_2 400 400 800 400
