SPAM Particle Information
sdss_name 587722984435351614
generation 0
run_number 527
model_name 6ervkv705b2mwwhf4ui_0004
model_data -9.93853,-4.5805,9.19814,-1.38516,-2.55932,20.59874,29.28706,15.52722,3.63856,3.79813,295.375,28.22067,321.98757,54.65335,0.3,0.3,0.0,0.0,0.0,0.0,0.0,0.0,0.11428,0,0,0.30816,-26.37999,5.63097,0.0,1.0,1.0,2.0,0.0,0.0
human_score 0.11428571428571428
wins_total 4/35
g1_num_particles 100000
g2_num_particles 100000

Image Creator Information
param_2 400 400 800 400
param_2 400 400 800 400
param_2 400 400 800 400
