SPAM Particle Information
sdss_name 587722984435351614
generation 0
run_number 530
model_name r1nud7ak92gu88kb7mv_0003
model_data -9.93853,-4.5805,10.17224,-2.4808,-3.21676,20.59874,22.66815,22.94817,2.91194,3.3819,305.78964,20.19122,320.32046,242.4407,0.3,0.3,0.0,0.0,0.0,0.0,0.0,0.0,0.11428,0,0,0.14941,-1.6,5.79681,0.0,1.0,0.0,0.0,0.0,0.0
human_score 0.11428571428571428
wins_total 4/35
g1_num_particles 100000
g2_num_particles 100000

Image Creator Information
param_2 400 400 800 400
param_2 400 400 800 400
param_2 400 400 800 400
