SPAM Particle Information
sdss_name 587722984435351614
generation 0
run_number 531
model_name qvfnzbq9obygg4y2lvh_0006
model_data -9.93853,-4.5805,9.08434,-1.76528,-2.94343,-8.78663,18.50705,21.9726,3.37959,4.66181,305.31919,23.91197,134.7839,299.91347,0.3,0.3,0.0,0.0,0.0,0.0,0.0,0.0,0.11428,0,0,0.25266,-2.55999,5.16002,0.0,0.0,0.0,1.0,0.0,0.0
human_score 0.11428571428571428
wins_total 4/35
g1_num_particles 100000
g2_num_particles 100000

Image Creator Information
param_2 400 400 800 400
param_2 400 400 800 400
param_2 400 400 800 400
