SPAM Particle Information
sdss_name 587722984435351614
generation 0
run_number 533
model_name 2nzmhnep4j23gxb8qc6_0000
model_data -9.93853,-4.5805,2.41436,-0.85099,-2.80641,-6.51564,16.98945,25.9215,4.15539,4.67451,292.24315,22.37071,305.58039,121.17026,0.3,0.3,0.0,0.0,0.0,0.0,0.0,0.0,0.11428,0,0,0.14808,-2.05999,8.0998,0.0,0.0,1.0,1.0,0.0,0.0
human_score 0.11428571428571428
wins_total 4/35
g1_num_particles 100000
g2_num_particles 100000

Image Creator Information
param_2 400 400 800 399
param_2 400 400 800 399
param_2 400 400 800 399
