SPAM Particle Information
sdss_name 587722984435351614
generation 0
run_number 534
model_name 7p5tjonbhrzuam4grk9_0000
model_data -9.93853,-4.5805,18.07121,-0.81595,-2.12033,-5.02943,34.11687,22.20177,3.5299,2.53737,302.31024,35.402,311.59517,54.14634,0.3,0.3,0.0,0.0,0.0,0.0,0.0,0.0,0.11428,0,0,0.29631,-4.41999,5.61057,0.0,1.0,0.0,2.0,0.0,0.0
human_score 0.11428571428571428
wins_total 4/35
g1_num_particles 100000
g2_num_particles 100000

Image Creator Information
param_2 400 400 799 399
param_2 400 400 799 399
param_2 400 400 799 399
