SPAM Particle Information
sdss_name 587722984435351614
generation 0
run_number 536
model_name 6htbpul5dr3hb9af4yn_0001
model_data -9.93853,-4.5805,-22.82717,-2.21776,1.69249,6.72643,34.75782,29.23326,2.73321,4.92565,292.82915,34.30115,322.15491,60.25064,0.3,0.3,0.0,0.0,0.0,0.0,0.0,0.0,0.11428,0,0,0.07169,-2.19999,8.90523,0.0,0.0,0.0,0.0,0.0,0.0
human_score 0.11428571428571428
wins_total 4/35
g1_num_particles 100000
g2_num_particles 100000

Image Creator Information
param_2 400 400 800 400
param_2 400 400 800 400
param_2 400 400 800 400
