SPAM Particle Information
sdss_name 587722984435351614
generation 0
run_number 537
model_name 1s7nzt4uchlslsw4vaep_0007
model_data -9.93853,-4.5805,-0.25922,-0.47042,-2.77243,7.36694,26.16743,11.55386,1.85036,4.3583,293.2164,22.69259,310.75058,62.24665,0.3,0.3,0.0,0.0,0.0,0.0,0.0,0.0,0.11428,0,0,0.17206,-26.03999,8.09711,0.0,0.0,1.0,0.0,0.0,0.0
human_score 0.11428571428571428
wins_total 4/35
g1_num_particles 100000
g2_num_particles 100000

Image Creator Information
param_2 400 400 800 399
param_2 400 400 800 399
param_2 400 400 800 399
