SPAM Particle Information
sdss_name 587722984435351614
generation 0
run_number 540
model_name rqhfkxc3535iig3pttk_0000
model_data -9.93853,-4.5805,17.92778,-1.42023,-2.57642,20.59874,26.63949,31.24217,3.21764,3.01313,286.0,38.875,357.76397,6.70807,0.3,0.3,0.0,0.0,0.0,0.0,0.0,0.0,0.11428,0,0,0.21599,-26.77999,6.81133,0.0,1.0,0.0,0.0,0.0,0.0
human_score 0.11428571428571428
wins_total 4/35
g1_num_particles 100000
g2_num_particles 100000

Image Creator Information
param_2 400 400 800 399
param_2 400 400 800 399
param_2 400 400 800 399
