SPAM Particle Information
sdss_name 587722984435351614
generation 0
run_number 547
model_name 2w1na216swvgn5h1kae_0000
model_data -9.93853,-4.5805,10.08173,-2.37919,-2.7214,-5.69533,16.52389,18.86246,2.34826,4.64705,302.8649,33.17043,309.51181,236.33279,0.3,0.3,0.0,0.0,0.0,0.0,0.0,0.0,0.11111,0,0,0.24466,-2.15999,4.47043,0.0,0.0,1.0,1.0,0.0,0.0
human_score 0.1111111111111111
wins_total 4/36
g1_num_particles 100000
g2_num_particles 100000

Image Creator Information
param_2 400 400 800 399
param_2 400 400 800 399
param_2 400 400 800 399
