SPAM Particle Information
sdss_name 587722984435351614
generation 0
run_number 550
model_name 1twdqs65humumfngntpf_0014
model_data -9.93853,-4.5805,18.88131,-3.04345,-2.60577,-0.32982,20.27004,18.82928,2.16435,3.13632,309.34222,22.50651,317.71554,112.17614,0.3,0.3,0.0,0.0,0.0,0.0,0.0,0.0,0.11111,0,0,0.26312,-1.96,3.58047,0.0,0.0,1.0,1.0,0.0,0.0
human_score 0.1111111111111111
wins_total 4/36
g1_num_particles 100000
g2_num_particles 100000

Image Creator Information
param_2 400 400 800 400
param_2 400 400 800 400
param_2 400 400 800 400
