SPAM Particle Information
sdss_name 587722984435351614
generation 0
run_number 551
model_name 1twdqs65humumfngntpf_0026
model_data -9.93853,-4.5805,15.51175,-2.2057,-0.54147,-6.52273,14.06252,9.79139,3.62388,4.33068,294.45982,29.77099,125.61433,243.45082,0.3,0.3,0.0,0.0,0.0,0.0,0.0,0.0,0.11111,0,0,0.52139,-5.33999,3.04607,0.0,0.0,1.0,0.0,0.0,0.0
human_score 0.1111111111111111
wins_total 4/36
g1_num_particles 100000
g2_num_particles 100000

Image Creator Information
param_2 400 400 800 399
param_2 400 400 800 399
param_2 400 400 800 399
