SPAM Particle Information
sdss_name 587722984435351614
generation 0
run_number 552
model_name 1twdqs65humumfngntpf_0033
model_data -9.93853,-4.5805,11.12898,-1.51412,-1.90689,-8.9519,20.88381,22.01635,3.80517,3.52284,298.74865,29.32324,308.9475,68.26532,0.3,0.3,0.0,0.0,0.0,0.0,0.0,0.0,0.11111,0,0,0.13431,-2.02,6.52711,0.0,0.0,1.0,0.0,0.0,0.0
human_score 0.1111111111111111
wins_total 4/36
g1_num_particles 100000
g2_num_particles 100000

Image Creator Information
param_2 400 400 800 399
param_2 400 400 800 399
param_2 400 400 800 399
