SPAM Particle Information
sdss_name 587722984435351614
generation 0
run_number 555
model_name p18me6wsaylmytof9cv_0000
model_data -9.93853,-4.5805,24.94532,-2.46474,-1.79467,-8.6584,30.46102,24.13371,3.3091,3.96023,305.10591,35.08743,234.46498,123.29718,0.3,0.3,0.0,0.0,0.0,0.0,0.0,0.0,0.11111,0,0,0.09468,-5.85999,10.15409,0.0,0.0,0.0,0.0,0.0,0.0
human_score 0.1111111111111111
wins_total 4/36
g1_num_particles 100000
g2_num_particles 100000

Image Creator Information
param_2 400 400 800 400
param_2 400 400 800 400
param_2 400 400 800 400
