SPAM Particle Information
sdss_name 587722984435351614
generation 0
run_number 562
model_name 6ervkv705b2mwwhf4ui_0027
model_data -9.93853,-4.5805,9.19814,-1.38516,-2.55932,20.59874,27.97322,18.09464,3.71498,3.00243,294.35276,28.22067,313.06204,54.65335,0.3,0.3,0.0,0.0,0.0,0.0,0.0,0.0,0.11111,0,0,0.32044,-25.95999,5.56666,0.0,1.0,1.0,0.0,0.0,0.0
human_score 0.1111111111111111
wins_total 4/36
g1_num_particles 100000
g2_num_particles 100000

Image Creator Information
param_2 400 400 800 400
param_2 400 400 800 400
param_2 400 400 800 400
