SPAM Particle Information
sdss_name 587722984435351614
generation 0
run_number 566
model_name 2lk6p1thy4phr76pjnw_0005
model_data -9.93853,-4.5805,24.50902,-0.81186,0.56135,9.04015,34.38936,30.12518,4.37485,3.03414,303.38371,39.22552,136.66348,232.55315,0.3,0.3,0.0,0.0,0.0,0.0,0.0,0.0,0.11111,0,0,0.21464,-28.71999,6.40995,0.0,0.0,0.0,0.0,0.0,0.0
human_score 0.1111111111111111
wins_total 4/36
g1_num_particles 100000
g2_num_particles 100000

Image Creator Information
param_2 400 400 800 400
param_2 400 400 800 400
param_2 400 400 800 400
