SPAM Particle Information
sdss_name 587722984435351614
generation 0
run_number 567
model_name 1twdqs65humumfngntpf_0005
model_data -9.93853,-4.5805,1.8577,-0.55953,-1.71829,-8.9519,21.7763,17.93941,3.39184,4.02404,302.848,32.86843,311.88074,310.75288,0.3,0.3,0.0,0.0,0.0,0.0,0.0,0.0,0.10810,0,0,0.81262,-5.23999,3.29684,0.0,0.0,1.0,1.0,0.0,0.0
human_score 0.10810810810810811
wins_total 4/37
g1_num_particles 100000
g2_num_particles 100000

Image Creator Information
param_2 400 400 800 400
param_2 400 400 800 400
param_2 400 400 800 400
