SPAM Particle Information
sdss_name 587722984435351614
generation 0
run_number 569
model_name 1rzodrgasif1c31ih2j2_0007
model_data -9.93853,-4.5805,21.7,-1.39926,-0.99561,-2.95638,26.29907,14.21397,4.51388,4.85112,310.45503,22.27764,42.93122,302.18132,0.3,0.3,0.0,0.0,0.0,0.0,0.0,0.0,0.10810,0,0,0.0335,-25.05999,16.15145,0.0,0.0,1.0,1.0,0.0,0.0
human_score 0.10810810810810811
wins_total 4/37
g1_num_particles 100000
g2_num_particles 100000

Image Creator Information
param_2 400 400 800 400
param_2 400 400 800 400
param_2 400 400 800 400
