SPAM Particle Information
sdss_name 587722984435351614
generation 0
run_number 573
model_name 7bdxhai19x979b7tv7_0005
model_data -10.00349,-4.73481,-17.24489,-2.73997,-3.06438,-10.9187,32.43223,22.90301,2.70888,2.21529,-2.19827,34.57758,326.20938,48.08664,0.3,0.3,0.0,0.0,0.0,0.0,0.0,0.0,0.08823,0,0,0.46355,-2.37999,3.50504,0.0,1.0,0.0,0.0,0.0,0.0
human_score 0.08823529411764706
wins_total 3/34
g1_num_particles 100000
g2_num_particles 100000

Image Creator Information
param_2 400 400 800 399
param_2 400 400 800 399
param_2 400 400 800 399
