SPAM Particle Information
sdss_name 587722984435351614
generation 0
run_number 578
model_name 1ry1ckzr0sgqq9ukenc2_0015
model_data -9.93853,-4.5805,11.01239,-0.74134,-2.21215,-6.5488,29.65631,12.85091,3.09263,3.96571,299.2514,24.79662,127.26474,67.74266,0.3,0.3,0.0,0.0,0.0,0.0,0.0,0.0,0.08823,0,0,0.1511,-2.71999,7.00233,0.0,0.0,1.0,0.0,0.0,0.0
human_score 0.08823529411764706
wins_total 3/34
g1_num_particles 100000
g2_num_particles 100000

Image Creator Information
param_2 400 400 800 400
param_2 400 400 800 400
param_2 400 400 800 400
