SPAM Particle Information
sdss_name 587722984435351614
generation 0
run_number 579
model_name qz3mnv035i7ey52thu0_0000
model_data -9.93853,-4.5805,-15.1217,-1.38022,0.56359,5.6129,33.42387,30.51463,3.06331,5.29677,303.25,38.5,174.40993,250.43478,0.3,0.3,0.0,0.0,0.0,0.0,0.0,0.0,0.08823,0,0,0.31144,-24.73999,5.70387,0.0,1.0,1.0,1.0,0.0,0.0
human_score 0.08823529411764706
wins_total 3/34
g1_num_particles 100000
g2_num_particles 100000

Image Creator Information
param_2 400 400 800 400
param_2 400 400 800 400
param_2 400 400 800 400
