SPAM Particle Information
sdss_name 587722984435351614
generation 0
run_number 580
model_name 1ub16atml47uh6f88fuo_0000
model_data -9.93853,-4.5805,15.4697,2.32183,-2.27893,2.96316,32.29402,24.50215,4.24775,4.40747,291.33299,35.98659,307.19014,241.20711,0.3,0.3,0.0,0.0,0.0,0.0,0.0,0.0,0.08823,0,0,0.04584,-26.51999,15.90257,0.0,0.0,1.0,0.0,0.0,0.0
human_score 0.08823529411764706
wins_total 3/34
g1_num_particles 100000
g2_num_particles 100000

Image Creator Information
param_2 400 400 800 399
param_2 400 400 800 399
param_2 400 400 800 399
