SPAM Particle Information
sdss_name 587722984435351614
generation 0
run_number 581
model_name r3454zfq45w8k3yjqj2_0000
model_data -9.93853,-4.5805,15.01386,-2.24827,0.59868,-0.8957,18.90866,26.67874,4.00584,3.86216,294.36615,29.86954,52.22505,308.24218,0.3,0.3,0.0,0.0,0.0,0.0,0.0,0.0,0.08823,0,0,0.31265,-4.01999,5.06064,0.0,1.0,0.0,2.0,0.0,0.0
human_score 0.08823529411764706
wins_total 3/34
g1_num_particles 100000
g2_num_particles 100000

Image Creator Information
param_2 400 400 800 399
param_2 400 400 800 399
param_2 400 400 800 399
