SPAM Particle Information
sdss_name 587722984435351614
generation 0
run_number 582
model_name r3454zfq45w8k3yjqj2_0005
model_data -9.93853,-4.5805,19.54238,-3.13404,-0.26047,3.21773,30.60993,19.12437,1.67877,3.31857,308.02249,38.22845,48.29212,129.48783,0.3,0.3,0.0,0.0,0.0,0.0,0.0,0.0,0.08823,0,0,0.32283,-4.13999,4.81702,0.0,0.0,1.0,0.0,0.0,0.0
human_score 0.08823529411764706
wins_total 3/34
g1_num_particles 100000
g2_num_particles 100000

Image Creator Information
param_2 400 400 800 399
param_2 400 400 800 399
param_2 400 400 800 399
