SPAM Particle Information
sdss_name 587722984435351614
generation 0
run_number 585
model_name 2op6lo69rotq9rbrd5l_0005
model_data -9.93853,-4.5805,23.06195,-2.35243,-2.46614,2.7607,20.92204,22.82564,3.28719,3.81172,305.58658,26.85702,312.8703,305.40465,0.3,0.3,0.0,0.0,0.0,0.0,0.0,0.0,0.08823,0,0,0.30759,-3.51999,4.14754,0.0,0.0,0.0,0.0,0.0,0.0
human_score 0.08823529411764706
wins_total 3/34
g1_num_particles 100000
g2_num_particles 100000

Image Creator Information
param_2 400 400 800 399
param_2 400 400 800 399
param_2 400 400 800 399
