SPAM Particle Information
sdss_name 587722984435351614
generation 0
run_number 586
model_name qfdc22zvp0fye62khv6_0006
model_data -9.93853,-4.5805,11.52099,-1.70541,-1.77536,-6.2509,36.52219,12.06427,2.9284,3.20733,309.33075,38.84334,231.68315,310.09154,0.3,0.3,0.0,0.0,0.0,0.0,0.0,0.0,0.08823,0,0,0.47195,-29.71999,3.87663,0.0,0.0,1.0,0.0,0.0,0.0
human_score 0.08823529411764706
wins_total 3/34
g1_num_particles 100000
g2_num_particles 100000

Image Creator Information
param_2 400 400 800 399
param_2 400 400 800 399
param_2 400 400 800 399
