SPAM Particle Information
sdss_name 587722984435351614
generation 0
run_number 589
model_name 1ult74ivb4co9mthtntv_0000
model_data -9.93853,-4.5805,0.62656,-1.46578,0.62196,-9.1579,27.05033,22.16465,4.70427,4.7222,305.2249,25.51855,229.69125,292.97247,0.3,0.3,0.0,0.0,0.0,0.0,0.0,0.0,0.08823,0,0,0.17839,-2.59999,9.1307,0.0,0.0,0.0,0.0,0.0,0.0
human_score 0.08823529411764706
wins_total 3/34
g1_num_particles 100000
g2_num_particles 100000

Image Creator Information
param_2 400 400 800 400
param_2 400 400 800 400
param_2 400 400 800 400
