SPAM Particle Information
sdss_name 587722984435351614
generation 0
run_number 592
model_name 1pwb4im8ccn0et13aep_0001
model_data -9.93853,-4.5805,24.5005,-2.5947,-1.62464,-6.72375,20.67734,28.29028,3.46492,4.42344,303.22193,37.89211,323.90601,54.25315,0.3,0.3,0.0,0.0,0.0,0.0,0.0,0.0,0.08823,0,0,1.59967,-2.79999,1.59209,0.0,0.0,0.0,0.0,0.0,0.0
human_score 0.08823529411764706
wins_total 3/34
g1_num_particles 100000
g2_num_particles 100000

Image Creator Information
param_2 400 400 800 399
param_2 400 400 800 399
param_2 400 400 800 399
