SPAM Particle Information
sdss_name 587722984435351614
generation 0
run_number 593
model_name 9nctqu52sab0ai3d2j_0003
model_data -9.93853,-4.5805,0.61095,-2.66043,-2.65693,20.59874,23.66098,18.43739,2.26275,3.05066,308.74437,25.26448,318.00482,112.3427,0.3,0.3,0.0,0.0,0.0,0.0,0.0,0.0,0.08823,0,0,0.59886,-27.09999,3.50689,0.0,1.0,1.0,0.0,0.0,0.0
human_score 0.08823529411764706
wins_total 3/34
g1_num_particles 100000
g2_num_particles 100000

Image Creator Information
param_2 400 400 800 399
param_2 400 400 800 399
param_2 400 400 800 399
