SPAM Particle Information
sdss_name 587722984435351614
generation 0
run_number 597
model_name 1rbrgxig90gf19q1c5rj_0008
model_data -9.93853,-4.5805,24.63837,-2.02433,-2.78809,20.59874,32.88885,30.79279,3.38144,4.78885,286.31802,29.28873,54.85714,29.72477,0.3,0.3,0.0,0.0,0.0,0.0,0.0,0.0,0.08823,0,0,0.15986,-4.17999,7.34712,0.0,1.0,1.0,1.0,0.0,0.0
human_score 0.08823529411764706
wins_total 3/34
g1_num_particles 100000
g2_num_particles 100000

Image Creator Information
param_2 400 400 800 400
param_2 400 400 800 400
param_2 400 400 800 400
