SPAM Particle Information
sdss_name 587722984435351614
generation 0
run_number 598
model_name 1rbrgxig90gf19q1c5rj_0012
model_data -9.93853,-4.5805,20.15514,-1.62503,-2.78961,-3.06648,25.20261,20.05644,3.71302,4.44041,291.05415,29.4414,36.65346,59.64787,0.3,0.3,0.0,0.0,0.0,0.0,0.0,0.0,0.08823,0,0,0.18076,-2.87999,5.43751,0.0,1.0,1.0,0.0,0.0,0.0
human_score 0.08823529411764706
wins_total 3/34
g1_num_particles 100000
g2_num_particles 100000

Image Creator Information
param_2 400 400 800 400
param_2 400 400 800 400
param_2 400 400 800 400
