SPAM Particle Information
sdss_name 587722984435351614
generation 0
run_number 605
model_name 1z9cd7oa4se5imb0mcpq_0002
model_data -9.93853,-4.5805,13.56276,-1.2202,-2.25437,20.59874,17.20755,22.94817,2.2776,5.17783,302.5,15.4375,310.80745,297.3913,0.3,0.3,0.0,0.0,0.0,0.0,0.0,0.0,0.08823,0,0,0.2057,-2.95999,5.54097,0.0,1.0,0.0,0.0,0.0,0.0
human_score 0.08823529411764706
wins_total 3/34
g1_num_particles 100000
g2_num_particles 100000

Image Creator Information
param_2 400 400 800 400
param_2 400 400 800 400
param_2 400 400 800 400
