SPAM Particle Information
sdss_name 587722984435351614
generation 0
run_number 608
model_name 1ubdkvyzmxy9854pzdsj_0022
model_data -9.93853,-4.5805,-16.02734,-2.01055,2.34587,0.72971,31.34937,30.3396,4.29988,3.01884,310.35435,32.95788,44.18993,124.31469,0.3,0.3,0.0,0.0,0.0,0.0,0.0,0.0,0.08823,0,0,0.08306,-24.93999,12.83838,0.0,0.0,0.0,0.0,0.0,0.0
human_score 0.08823529411764706
wins_total 3/34
g1_num_particles 100000
g2_num_particles 100000

Image Creator Information
param_2 400 400 800 400
param_2 400 400 800 400
param_2 400 400 800 400
