SPAM Particle Information
sdss_name 587722984435351614
generation 0
run_number 612
model_name 1u0tl07v7k9ivm8nx4nl_0010
model_data -9.93853,-4.5805,10.75667,-0.86014,-0.3623,-9.2635,12.79735,17.52181,2.9651,6.08177,302.6875,22.08977,93.91304,64.30855,0.3,0.3,0.0,0.0,0.0,0.0,0.0,0.0,0.08823,0,0,209.34796,-29.23999,0.10171,0.0,1.0,1.0,0.0,0.0,0.0
human_score 0.08823529411764706
wins_total 3/34
g1_num_particles 100000
g2_num_particles 100000

Image Creator Information
param_2 400 400 800 399
param_2 400 400 800 399
param_2 400 400 800 399
