SPAM Particle Information
sdss_name 587722984435351614
generation 0
run_number 621
model_name 1rzodrgasif1c31ih2j2_0005
model_data -9.93853,-4.5805,5.00487,-0.66589,-2.19165,-2.95638,23.34864,27.68568,4.0506,3.84269,306.86702,25.0637,316.9828,128.48311,0.3,0.3,0.0,0.0,0.0,0.0,0.0,0.0,0.08823,0,0,0.12839,-26.45999,8.5821,0.0,0.0,1.0,1.0,0.0,0.0
human_score 0.08823529411764706
wins_total 3/34
g1_num_particles 100000
g2_num_particles 100000

Image Creator Information
param_2 400 400 800 399
param_2 400 400 800 399
param_2 400 400 800 399
