SPAM Particle Information
sdss_name 587722984435351614
generation 0
run_number 622
model_name 7p5tjonbhrzuam4grk9_0004
model_data -9.93853,-4.5805,22.8902,-0.81595,-2.12033,-5.02943,34.43657,17.67745,3.61123,3.47733,302.31024,35.402,311.59517,54.14634,0.3,0.3,0.0,0.0,0.0,0.0,0.0,0.0,0.08823,0,0,0.15712,-3.27999,6.30746,0.0,1.0,1.0,0.0,0.0,0.0
human_score 0.08823529411764706
wins_total 3/34
g1_num_particles 100000
g2_num_particles 100000

Image Creator Information
param_2 400 400 800 400
param_2 400 400 800 400
param_2 400 400 800 400
