SPAM Particle Information
sdss_name 587722984435351614
generation 0
run_number 623
model_name 7p5tjonbhrzuam4grk9_0006
model_data -9.93853,-4.5805,18.37613,-2.60618,-1.38601,-5.02943,17.85556,18.31916,2.81054,3.32017,293.09685,38.63935,313.16707,300.27701,0.3,0.3,0.0,0.0,0.0,0.0,0.0,0.0,0.08823,0,0,0.21019,-2.17999,4.10765,0.0,0.0,1.0,0.0,0.0,0.0
human_score 0.08823529411764706
wins_total 3/34
g1_num_particles 100000
g2_num_particles 100000

Image Creator Information
param_2 400 400 800 399
param_2 400 400 800 399
param_2 400 400 800 399
