SPAM Particle Information
sdss_name 587722984435351614
generation 0
run_number 628
model_name 6n85l7wj08mf0mvxp2i_0002
model_data -9.93853,-4.5805,20.62923,-2.6435,-1.54246,-6.45174,29.96223,10.6359,3.42359,4.53791,301.44336,38.2879,44.72889,296.75162,0.3,0.3,0.0,0.0,0.0,0.0,0.0,0.0,0.08823,0,0,0.82833,-2.61999,2.16748,0.0,0.0,1.0,1.0,0.0,0.0
human_score 0.08823529411764706
wins_total 3/34
g1_num_particles 100000
g2_num_particles 100000

Image Creator Information
param_2 400 400 800 399
param_2 400 400 800 399
param_2 400 400 800 399
