SPAM Particle Information
sdss_name 587722984435351614
generation 0
run_number 632
model_name 2kmygq5q7wm5ha0vexm_0020
model_data -9.93853,-4.5805,14.42632,0.29285,-1.66899,1.42418,20.64717,22.61564,4.26587,4.86298,295.37624,20.02503,323.0706,126.39297,0.3,0.3,0.0,0.0,0.0,0.0,0.0,0.0,0.08571,0,0,0.11702,-4.17999,8.9978,0.0,0.0,0.0,0.0,0.0,0.0
human_score 0.08571428571428572
wins_total 3/35
g1_num_particles 100000
g2_num_particles 100000

Image Creator Information
param_2 400 400 799 399
param_2 400 400 799 399
param_2 400 400 799 399
