SPAM Particle Information
sdss_name 587722984435351614
generation 0
run_number 633
model_name 7bdxhai19x979b7tv7_0003
model_data -10.00349,-4.73481,-12.82335,-1.66527,-1.21169,1.63742,32.59555,22.88828,2.70888,2.21529,5.13437,42.54048,27.41944,291.94911,0.3,0.3,0.0,0.0,0.0,0.0,0.0,0.0,0.08571,0,0,0.37706,-28.73999,4.4979,0.0,0.0,0.0,0.0,0.0,0.0
human_score 0.08571428571428572
wins_total 3/35
g1_num_particles 100000
g2_num_particles 100000

Image Creator Information
param_2 400 400 800 400
param_2 400 400 800 400
param_2 400 400 800 400
