SPAM Particle Information
sdss_name 587722984435351614
generation 0
run_number 638
model_name 1ry1ckzr0sgqq9ukenc2_0008
model_data -9.93853,-4.5805,10.52761,-2.47722,-0.11316,-6.5488,32.60297,25.55144,3.25973,4.53556,303.56815,31.76759,140.42171,238.10525,0.3,0.3,0.0,0.0,0.0,0.0,0.0,0.0,0.08571,0,0,0.42181,-23.07999,5.42053,0.0,1.0,1.0,0.0,0.0,0.0
human_score 0.08571428571428572
wins_total 3/35
g1_num_particles 100000
g2_num_particles 100000

Image Creator Information
param_2 400 400 800 399
param_2 400 400 800 399
param_2 400 400 800 399
