SPAM Particle Information
sdss_name 587722984435351614
generation 0
run_number 640
model_name 6lv46iyh1s3564cqoin_0003
model_data -9.93853,-4.5805,23.71873,-3.17857,-0.25186,0.9023,12.24719,20.62645,4.24151,4.83264,297.37408,36.14901,309.69087,123.61964,0.3,0.3,0.0,0.0,0.0,0.0,0.0,0.0,0.08571,0,0,0.27343,-2.77999,3.45353,0.0,0.0,0.0,0.0,0.0,0.0
human_score 0.08571428571428572
wins_total 3/35
g1_num_particles 100000
g2_num_particles 100000

Image Creator Information
param_2 400 400 800 399
param_2 400 400 800 399
param_2 400 400 800 399
