SPAM Particle Information
sdss_name 587722984435351614
generation 0
run_number 646
model_name 1mcx9mhrv2u7tp114r_0001
model_data -9.93853,-4.5805,13.98441,-0.37835,-1.60778,1.05604,33.58866,21.88829,4.29576,4.36096,295.45495,21.03677,222.744,122.98839,0.3,0.3,0.0,0.0,0.0,0.0,0.0,0.0,0.08571,0,0,0.53576,-5.57999,4.43483,0.0,0.0,0.0,0.0,0.0,0.0
human_score 0.08571428571428572
wins_total 3/35
g1_num_particles 100000
g2_num_particles 100000

Image Creator Information
param_2 400 400 800 399
param_2 400 400 800 399
param_2 400 400 800 399
