SPAM Particle Information
sdss_name 587722984435351614
generation 0
run_number 653
model_name 6doot7zvgjyj5216akg_0007
model_data -9.93853,-4.5805,13.59716,-2.87259,-0.41916,-10.07271,33.47086,27.75478,4.01179,3.07633,298.36317,26.60559,43.58839,53.7263,0.3,0.3,0.0,0.0,0.0,0.0,0.0,0.0,0.08571,0,0,0.61134,-28.75999,3.40161,0.0,0.0,0.0,0.0,0.0,0.0
human_score 0.08571428571428572
wins_total 3/35
g1_num_particles 100000
g2_num_particles 100000

Image Creator Information
param_2 400 400 800 399
param_2 400 400 800 399
param_2 400 400 800 399
