SPAM Particle Information
sdss_name 587722984435351614
generation 0
run_number 654
model_name 1sufbgly3qlzf2u9hx86_0009
model_data -9.93853,-4.5805,20.85607,-1.70432,-0.27962,0.11258,34.10395,15.7755,3.80153,3.44404,302.60742,38.86178,127.54223,304.06799,0.3,0.3,0.0,0.0,0.0,0.0,0.0,0.0,0.08571,0,0,0.10379,-2.21999,6.7023,0.0,0.0,1.0,0.0,0.0,0.0
human_score 0.08571428571428572
wins_total 3/35
g1_num_particles 100000
g2_num_particles 100000

Image Creator Information
param_2 400 400 800 399
param_2 400 400 800 399
param_2 400 400 800 399
