SPAM Particle Information
sdss_name 587722984435351614
generation 0
run_number 662
model_name 1tvmhvdz5wi02c28ww6l_0017
model_data -9.93853,-4.5805,-5.56132,-2.67955,-1.67125,-0.47726,35.03012,25.77124,2.66247,2.64932,303.27846,38.51987,219.23136,60.04855,0.3,0.3,0.0,0.0,0.0,0.0,0.0,0.0,0.08571,0,0,3.6259,-2.39999,1.28982,0.0,0.0,0.0,0.0,0.0,0.0
human_score 0.08571428571428572
wins_total 3/35
g1_num_particles 100000
g2_num_particles 100000

Image Creator Information
param_2 400 400 800 399
param_2 400 400 800 399
param_2 400 400 800 399
