SPAM Particle Information
sdss_name 587722984435351614
generation 0
run_number 665
model_name 1rt6955huwtsbapm8lh5_0014
model_data -9.93853,-4.5805,3.89246,-1.45457,-0.86091,-5.50964,23.33004,11.59848,3.40004,4.41662,304.0,21.625,342.1118,317.51552,0.3,0.3,0.0,0.0,0.0,0.0,0.0,0.0,0.08571,0,0,0.52325,-3.79999,3.88335,0.0,1.0,1.0,1.0,0.0,0.0
human_score 0.08571428571428572
wins_total 3/35
g1_num_particles 100000
g2_num_particles 100000

Image Creator Information
param_2 400 400 800 399
param_2 400 400 800 399
param_2 400 400 800 399
