SPAM Particle Information
sdss_name 587722984435351614
generation 0
run_number 669
model_name 265jbtnucj39f7uvxq4_0001
model_data -9.93853,-4.5805,20.85181,-2.76044,-1.34934,0.10027,15.795,28.13771,2.80296,4.31106,304.35081,25.21631,135.15202,292.10603,0.3,0.3,0.0,0.0,0.0,0.0,0.0,0.0,0.08571,0,0,1.45076,-3.79999,1.84465,0.0,0.0,0.0,0.0,0.0,0.0
human_score 0.08571428571428572
wins_total 3/35
g1_num_particles 100000
g2_num_particles 100000

Image Creator Information
param_2 400 400 800 399
param_2 400 400 800 399
param_2 400 400 800 399
