SPAM Particle Information
sdss_name 587722984435351614
generation 0
run_number 670
model_name 2isa2bpumpippge5so1_0005
model_data -9.93853,-4.5805,17.26845,-2.10685,-2.8139,-7.79783,32.07849,28.20811,4.33944,4.73916,293.02931,29.31794,48.46582,241.37778,0.3,0.3,0.0,0.0,0.0,0.0,0.0,0.0,0.08571,0,0,0.39818,-3.11999,4.4029,0.0,0.0,1.0,0.0,0.0,0.0
human_score 0.08571428571428572
wins_total 3/35
g1_num_particles 100000
g2_num_particles 100000

Image Creator Information
param_2 400 400 800 399
param_2 400 400 800 399
param_2 400 400 800 399
