SPAM Particle Information
sdss_name 587722984435351614
generation 0
run_number 671
model_name r46ht5l3wj43je9tt87_0003
model_data -9.93853,-4.5805,-15.73996,-1.57479,-2.4784,2.36973,21.41163,31.15442,3.76911,2.86891,302.75796,31.941,317.27713,57.3915,0.3,0.3,0.0,0.0,0.0,0.0,0.0,0.0,0.08571,0,0,0.37304,-3.27999,4.48876,0.0,0.0,1.0,0.0,0.0,0.0
human_score 0.08571428571428572
wins_total 3/35
g1_num_particles 100000
g2_num_particles 100000

Image Creator Information
param_2 400 400 800 399
param_2 400 400 800 399
param_2 400 400 800 399
