SPAM Particle Information
sdss_name 587722984435351614
generation 0
run_number 673
model_name 1s3qm99lh6mjb0q3oqgg_0013
model_data -9.93853,-4.5805,14.89389,-1.12517,-1.96543,7.80617,30.52134,13.28427,4.58556,3.43748,292.45165,31.35736,47.6519,302.21305,0.3,0.3,0.0,0.0,0.0,0.0,0.0,0.0,0.08571,0,0,0.21328,-2.97999,5.51805,0.0,0.0,0.0,0.0,0.0,0.0
human_score 0.08571428571428572
wins_total 3/35
g1_num_particles 100000
g2_num_particles 100000

Image Creator Information
param_2 400 400 799 399
param_2 400 400 799 399
param_2 400 400 799 399
