SPAM Particle Information
sdss_name 587722984435351614
generation 0
run_number 674
model_name 2p1jbl53c7tvmamqd12_0003
model_data -9.93853,-4.5805,4.77455,-1.70396,-0.48996,-8.85334,33.48028,20.9344,2.97414,3.97312,298.54955,26.27564,223.54748,116.38895,0.3,0.3,0.0,0.0,0.0,0.0,0.0,0.0,0.08571,0,0,1.61636,-4.57999,2.27418,0.0,0.0,1.0,0.0,0.0,0.0
human_score 0.08571428571428572
wins_total 3/35
g1_num_particles 100000
g2_num_particles 100000

Image Creator Information
param_2 400 400 800 400
param_2 400 400 800 400
param_2 400 400 800 400
