SPAM Particle Information
sdss_name 587722984435351614
generation 0
run_number 675
model_name 1rv61wb4yvwdxojk6jqt_0006
model_data -9.93853,-4.5805,19.88317,-2.12411,-2.59128,0.67671,21.52927,28.70504,3.95882,3.91811,310.29829,36.33855,142.92749,126.10081,0.3,0.3,0.0,0.0,0.0,0.0,0.0,0.0,0.08571,0,0,0.38487,-3.01999,3.89065,0.0,0.0,1.0,0.0,0.0,0.0
human_score 0.08571428571428572
wins_total 3/35
g1_num_particles 100000
g2_num_particles 100000

Image Creator Information
param_2 400 400 800 400
param_2 400 400 800 400
param_2 400 400 800 400
