SPAM Particle Information
sdss_name 587722984435351614
generation 0
run_number 676
model_name rrrkmbvmtz3gdup4g6e_0001
model_data -9.93853,-4.5805,19.48672,-1.50024,-2.45565,20.59874,26.80497,23.82122,2.86688,3.82192,297.0625,34.9375,310.80745,308.57142,0.3,0.3,0.0,0.0,0.0,0.0,0.0,0.0,0.08571,0,0,0.24375,-2.95999,5.0004,0.0,1.0,0.0,1.0,0.0,0.0
human_score 0.08571428571428572
wins_total 3/35
g1_num_particles 100000
g2_num_particles 100000

Image Creator Information
param_2 400 400 800 399
param_2 400 400 800 399
param_2 400 400 800 399
