SPAM Particle Information
sdss_name 587722984435351614
generation 0
run_number 682
model_name 2p2jglew72ndzengvdv_0000
model_data -9.93853,-4.5805,24.75057,-2.64755,-1.99731,20.59874,16.47366,26.10149,4.03855,4.13388,309.67303,28.94358,45.86428,121.64197,0.3,0.3,0.0,0.0,0.0,0.0,0.0,0.0,0.08571,0,0,0.00647,0.0,27.18702,0.0,0.0,0.0,0.0,0.0,0.0
human_score 0.08571428571428572
wins_total 3/35
g1_num_particles 100000
g2_num_particles 100000

Image Creator Information
param_2 400 400 800 400
param_2 400 400 800 400
param_2 400 400 800 400
