SPAM Particle Information
sdss_name 587722984435351614
generation 0
run_number 694
model_name 7p5tjonbhrzuam4grk9_0003
model_data -9.93853,-4.5805,4.93674,-0.24558,-1.80666,-5.02943,15.89658,18.64203,3.58689,4.26539,302.88763,24.68161,310.67655,246.64719,0.3,0.3,0.0,0.0,0.0,0.0,0.0,0.0,0.08571,0,0,0.26673,-28.17999,6.39554,0.0,0.0,1.0,1.0,0.0,0.0
human_score 0.08571428571428572
wins_total 3/35
g1_num_particles 100000
g2_num_particles 100000

Image Creator Information
param_2 400 400 799 400
param_2 400 400 799 400
param_2 400 400 799 400
