SPAM Particle Information
sdss_name 587722984435351614
generation 0
run_number 695
model_name rxmbtlm24i0lv1rnko2_0000
model_data -9.93853,-4.5805,6.95718,-0.97392,-0.31607,-1.04972,26.21309,13.5249,2.8341,2.93531,310.9428,24.85645,309.47564,307.7944,0.3,0.3,0.0,0.0,0.0,0.0,0.0,0.0,0.08571,0,0,0.23281,-27.57999,6.40538,0.0,1.0,0.0,0.0,0.0,0.0
human_score 0.08571428571428572
wins_total 3/35
g1_num_particles 100000
g2_num_particles 100000

Image Creator Information
param_2 400 400 800 399
param_2 400 400 800 399
param_2 400 400 800 399
