SPAM Particle Information
sdss_name 587722984435351614
generation 0
run_number 698
model_name z0z3ha4hybpezdctfgk_0009
model_data -9.93853,-4.5805,5.42519,-0.68521,-2.93636,-6.15754,27.92367,23.2021,3.63712,4.51356,296.78172,16.55882,48.43853,28.7234,0.3,0.3,0.0,0.0,0.0,0.0,0.0,0.0,0.08571,0,0,0.20905,-22.85999,8.12248,0.0,1.0,0.0,0.0,0.0,0.0
human_score 0.08571428571428572
wins_total 3/35
g1_num_particles 100000
g2_num_particles 100000

Image Creator Information
param_2 400 400 800 399
param_2 400 400 800 399
param_2 400 400 800 399
