SPAM Particle Information
sdss_name 587722984435351614
generation 0
run_number 699
model_name 1s7nzt4uchlslsw4vaep_0008
model_data -9.93853,-4.5805,20.27473,-1.00475,-0.99932,7.36694,13.08282,26.97567,4.38253,4.30101,310.80145,19.56316,223.51635,233.418,0.3,0.3,0.0,0.0,0.0,0.0,0.0,0.0,0.08571,0,0,2.62517,-5.73999,1.35184,0.0,0.0,0.0,0.0,0.0,0.0
human_score 0.08571428571428572
wins_total 3/35
g1_num_particles 100000
g2_num_particles 100000

Image Creator Information
param_2 400 400 800 399
param_2 400 400 800 399
param_2 400 400 800 399
