SPAM Particle Information
sdss_name 587722984435351614
generation 0
run_number 701
model_name 6n85l7wj08mf0mvxp2i_0003
model_data -9.93853,-4.5805,13.84677,-1.48326,-1.75321,-6.45174,24.29682,25.87015,3.83783,4.60258,308.53123,31.75114,129.22286,67.50005,0.3,0.3,0.0,0.0,0.0,0.0,0.0,0.0,0.08571,0,0,1.10747,-25.79999,2.57191,0.0,0.0,1.0,0.0,0.0,0.0
human_score 0.08571428571428572
wins_total 3/35
g1_num_particles 100000
g2_num_particles 100000

Image Creator Information
param_2 400 400 800 400
param_2 400 400 800 400
param_2 400 400 800 400
