SPAM Particle Information
sdss_name 587722984435351614
generation 0
run_number 705
model_name 2kmygq5q7wm5ha0vexm_0015
model_data -9.93853,-4.5805,21.71563,-3.1611,-2.27685,5.11623,29.29294,22.31062,3.09489,3.39423,294.09554,20.96481,49.42196,232.68562,0.3,0.3,0.0,0.0,0.0,0.0,0.0,0.0,0.08333,0,0,0.65955,-2.13999,2.48851,0.0,0.0,1.0,0.0,0.0,0.0
human_score 0.08333333333333333
wins_total 3/36
g1_num_particles 100000
g2_num_particles 100000

Image Creator Information
param_2 400 400 800 399
param_2 400 400 800 399
param_2 400 400 800 399
