SPAM Particle Information
sdss_name 587722984435351614
generation 0
run_number 708
model_name r3454zfq45w8k3yjqj2_0008
model_data -9.93853,-4.5805,15.28264,-1.21345,-3.20721,3.21773,27.90772,12.80552,3.61799,4.50873,296.87525,23.6665,135.65748,119.64202,0.3,0.3,0.0,0.0,0.0,0.0,0.0,0.0,0.08333,0,0,0.10076,-2.25999,7.04,0.0,0.0,1.0,0.0,0.0,0.0
human_score 0.08333333333333333
wins_total 3/36
g1_num_particles 100000
g2_num_particles 100000

Image Creator Information
param_2 400 400 800 400
param_2 400 400 800 400
param_2 400 400 800 400
