SPAM Particle Information
sdss_name 587722984435351614
generation 0
run_number 711
model_name 1twdqs65humumfngntpf_0012
model_data -9.93853,-4.5805,19.63505,-0.8485,-2.01215,-6.52273,24.74347,21.60747,2.85858,4.14692,299.87319,20.48061,220.10907,49.27985,0.3,0.3,0.0,0.0,0.0,0.0,0.0,0.0,0.08333,0,0,0.2335,-4.17999,5.60731,0.0,0.0,1.0,1.0,0.0,0.0
human_score 0.08333333333333333
wins_total 3/36
g1_num_particles 100000
g2_num_particles 100000

Image Creator Information
param_2 400 400 800 399
param_2 400 400 800 399
param_2 400 400 800 399
