SPAM Particle Information
sdss_name 587722984435351614
generation 0
run_number 714
model_name 1ult74ivb4co9mthtntv_0001
model_data -9.93853,-4.5805,-8.98979,-1.84171,0.02523,-9.1579,26.78973,29.59476,3.07509,3.27128,293.26938,32.786,140.53391,300.7264,0.3,0.3,0.0,0.0,0.0,0.0,0.0,0.0,0.08333,0,0,0.28122,-25.23999,5.82395,0.0,0.0,0.0,0.0,0.0,0.0
human_score 0.08333333333333333
wins_total 3/36
g1_num_particles 100000
g2_num_particles 100000

Image Creator Information
param_2 400 400 800 400
param_2 400 400 800 400
param_2 400 400 800 400
