SPAM Particle Information
sdss_name 587722984435351614
generation 0
run_number 715
model_name v04ta547mrhsblu1f5n_0002
model_data -9.93853,-4.5805,-19.98686,-2.55428,0.3667,0.87983,20.84795,22.80266,4.31012,3.49301,307.87844,30.01213,51.0024,67.23692,0.3,0.3,0.0,0.0,0.0,0.0,0.0,0.0,0.08333,0,0,0.23022,-4.69999,5.70135,0.0,1.0,1.0,1.0,0.0,0.0
human_score 0.08333333333333333
wins_total 3/36
g1_num_particles 100000
g2_num_particles 100000

Image Creator Information
param_2 400 400 800 399
param_2 400 400 800 399
param_2 400 400 800 399
