SPAM Particle Information
sdss_name 587722984435351614
generation 0
run_number 720
model_name 1ubdkvyzmxy9854pzdsj_0014
model_data -9.93853,-4.5805,14.96109,2.99268,-2.06065,-7.68499,19.10693,17.03836,4.43516,4.26952,300.92559,26.5036,127.12894,236.49693,0.3,0.3,0.0,0.0,0.0,0.0,0.0,0.0,0.08333,0,0,0.01913,0.0,18.62373,0.0,0.0,1.0,0.0,0.0,0.0
human_score 0.08333333333333333
wins_total 3/36
g1_num_particles 100000
g2_num_particles 100000

Image Creator Information
param_2 400 400 800 400
param_2 400 400 800 400
param_2 400 400 800 400
