SPAM Particle Information
sdss_name 587722984435351614
generation 0
run_number 726
model_name 1rzodrgasif1c31ih2j2_0033
model_data -9.93853,-4.5805,-9.25952,-0.88851,2.36587,-9.21015,20.23455,13.07047,3.33064,3.92984,302.72478,30.45485,51.32242,303.58335,0.3,0.3,0.0,0.0,0.0,0.0,0.0,0.0,0.08333,0,0,0.04852,-1.8,11.85136,0.0,0.0,1.0,0.0,0.0,0.0
human_score 0.08333333333333333
wins_total 3/36
g1_num_particles 100000
g2_num_particles 100000

Image Creator Information
param_2 400 400 800 399
param_2 400 400 800 399
param_2 400 400 800 399
