SPAM Particle Information
sdss_name 587722984435351614
generation 0
run_number 727
model_name 34rs3e032eok3ci5m41_0004
model_data -9.93853,-4.5805,8.36316,-3.00267,-0.46618,6.67593,22.51386,28.31052,3.72874,3.74641,294.13647,34.82175,224.03838,57.50835,0.3,0.3,0.0,0.0,0.0,0.0,0.0,0.0,0.08333,0,0,0.16248,-1.64,6.26121,0.0,0.0,0.0,0.0,0.0,0.0
human_score 0.08333333333333333
wins_total 3/36
g1_num_particles 100000
g2_num_particles 100000

Image Creator Information
param_2 400 400 800 400
param_2 400 400 800 400
param_2 400 400 800 400
