SPAM Particle Information
sdss_name 587722984435351614
generation 0
run_number 728
model_name 1mljjmh3yr1xtp81xyh_0000
model_data -9.93853,-4.5805,3.20888,-0.18005,2.6928,7.86791,33.01634,17.38467,1.46537,4.67825,295.02234,25.98267,312.8701,234.9289,0.3,0.3,0.0,0.0,0.0,0.0,0.0,0.0,0.08333,0,0,0.07902,-26.93999,10.2577,0.0,0.0,0.0,0.0,0.0,0.0
human_score 0.08333333333333333
wins_total 3/36
g1_num_particles 100000
g2_num_particles 100000

Image Creator Information
param_2 400 400 799 400
param_2 400 400 799 400
param_2 400 400 799 400
