SPAM Particle Information
sdss_name 587722984435351614
generation 0
run_number 729
model_name 7p5tjonbhrzuam4grk9_0007
model_data -9.93853,-4.5805,17.30852,-0.08976,-2.0213,-5.02943,25.27668,27.6547,4.70062,3.12444,307.99592,21.68751,50.09845,63.14447,0.3,0.3,0.0,0.0,0.0,0.0,0.0,0.0,0.08333,0,0,0.16977,-27.53999,7.76128,0.0,0.0,1.0,0.0,0.0,0.0
human_score 0.08333333333333333
wins_total 3/36
g1_num_particles 100000
g2_num_particles 100000

Image Creator Information
param_2 400 400 800 400
param_2 400 400 800 400
param_2 400 400 800 400
