SPAM Particle Information
sdss_name 587722984435351614
generation 0
run_number 730
model_name 1pqm3zzy98y578ntcri_0000
model_data -9.93853,-4.5805,17.96187,-2.95617,0.48281,-8.07952,22.64918,20.38725,4.30709,4.4766,310.00318,33.14127,39.81318,294.93343,0.3,0.3,0.0,0.0,0.0,0.0,0.0,0.0,0.08108,0,0,0.02747,-25.17999,20.37266,0.0,0.0,0.0,0.0,0.0,0.0
human_score 0.08108108108108109
wins_total 3/37
g1_num_particles 100000
g2_num_particles 100000

Image Creator Information
param_2 400 400 800 399
param_2 400 400 800 399
param_2 400 400 800 399
