SPAM Particle Information
sdss_name 587722984435351614
generation 0
run_number 731
model_name 2w1na216swvgn5h1kae_0002
model_data -9.93853,-4.5805,24.24332,-0.16477,-2.63421,-5.69533,28.30002,11.97729,2.70845,4.90718,305.43643,26.58549,133.95685,49.92924,0.3,0.3,0.0,0.0,0.0,0.0,0.0,0.0,0.08108,0,0,0.06083,-4.51999,10.37757,0.0,0.0,1.0,1.0,0.0,0.0
human_score 0.08108108108108109
wins_total 3/37
g1_num_particles 100000
g2_num_particles 100000

Image Creator Information
param_2 400 400 800 399
param_2 400 400 800 399
param_2 400 400 800 399
