SPAM Particle Information
sdss_name 587722984435351614
generation 0
run_number 732
model_name 1rbrgxig90gf19q1c5rj_0023
model_data -9.93853,-4.5805,17.26353,-2.20811,-0.93472,-3.06648,26.27931,28.32905,1.98935,3.74973,300.92123,37.94482,323.65594,114.46045,0.3,0.3,0.0,0.0,0.0,0.0,0.0,0.0,0.08108,0,0,0.42965,-2.55999,3.73833,0.0,0.0,1.0,0.0,0.0,0.0
human_score 0.08108108108108109
wins_total 3/37
g1_num_particles 100000
g2_num_particles 100000

Image Creator Information
param_2 400 400 800 400
param_2 400 400 800 400
param_2 400 400 800 400
