SPAM Particle Information
sdss_name 587722984435351614
generation 0
run_number 737
model_name 2kmygq5q7wm5ha0vexm_0019
model_data -9.93853,-4.5805,13.1161,-3.16357,-1.18042,4.92852,35.37407,21.27159,3.87176,3.39696,302.5109,28.44717,316.05995,245.23901,0.3,0.3,0.0,0.0,0.0,0.0,0.0,0.0,0.05882,0,0,6.19079,-28.79999,0.85076,0.0,0.0,0.0,0.0,0.0,0.0
human_score 0.058823529411764705
wins_total 2/34
g1_num_particles 100000
g2_num_particles 100000

Image Creator Information
param_2 400 400 800 400
param_2 400 400 800 400
param_2 400 400 800 400
