SPAM Particle Information
sdss_name 587722984435351614
generation 0
run_number 738
model_name 7bdxhai19x979b7tv7_0001
model_data -10.00349,-4.73481,10.91029,-2.41399,-1.58642,-1.93303,16.16382,28.72632,1.27119,1.99568,357.24829,33.43707,25.60973,254.46972,0.3,0.3,0.0,0.0,0.0,0.0,0.0,0.0,0.05882,0,0,3.08605,-2.81999,1.23677,0.0,0.0,0.0,0.0,0.0,0.0
human_score 0.058823529411764705
wins_total 2/34
g1_num_particles 100000
g2_num_particles 100000

Image Creator Information
param_2 400 400 800 400
param_2 400 400 800 400
param_2 400 400 800 400
