SPAM Particle Information
sdss_name 587722984435351614
generation 0
run_number 740
model_name 6ipnnstuen6zdxxugjy_0001
model_data -9.93853,-4.5805,1.93192,-2.84978,0.62071,-2.52558,35.01294,17.00953,3.26925,4.36651,296.24987,33.36819,137.35115,62.18276,0.3,0.3,0.0,0.0,0.0,0.0,0.0,0.0,0.05882,0,0,0.3055,-22.45999,6.43797,0.0,0.0,1.0,1.0,0.0,0.0
human_score 0.058823529411764705
wins_total 2/34
g1_num_particles 100000
g2_num_particles 100000

Image Creator Information
param_2 400 400 800 400
param_2 400 400 800 400
param_2 400 400 800 400
