SPAM Particle Information
sdss_name 587722984435351614
generation 0
run_number 742
model_name 1ry1ckzr0sgqq9ukenc2_0002
model_data -9.93853,-4.5805,20.53999,-0.44439,-2.1354,-6.5488,21.87893,23.83743,1.73527,4.62564,299.87968,37.34107,35.61414,57.17481,0.3,0.3,0.0,0.0,0.0,0.0,0.0,0.0,0.05882,0,0,0.12788,-3.79999,7.35953,0.0,0.0,1.0,1.0,0.0,0.0
human_score 0.058823529411764705
wins_total 2/34
g1_num_particles 100000
g2_num_particles 100000

Image Creator Information
param_2 400 400 800 400
param_2 400 400 800 400
param_2 400 400 800 400
