SPAM Particle Information
sdss_name 587722984435351614
generation 0
run_number 745
model_name 1r9q9yerfhzb9olsdpd9_0000
model_data -9.93853,-4.5805,23.05719,-1.52756,-0.9231,-3.06641,28.35644,9.66079,4.61159,4.03287,307.55963,24.0734,50.15901,129.64037,0.3,0.3,0.0,0.0,0.0,0.0,0.0,0.0,0.05882,0,0,1.96894,-5.83999,1.55702,0.0,0.0,0.0,0.0,0.0,0.0
human_score 0.058823529411764705
wins_total 2/34
g1_num_particles 100000
g2_num_particles 100000

Image Creator Information
param_2 400 400 800 399
param_2 400 400 800 399
param_2 400 400 800 399
