SPAM Particle Information
sdss_name 587722984435351614
generation 0
run_number 750
model_name 1twdqs65humumfngntpf_0019
model_data -9.93853,-4.5805,14.34638,-2.75445,-0.35193,-5.37557,24.09338,25.7336,4.0106,3.48335,306.66094,30.50465,135.88667,122.41088,0.3,0.3,0.0,0.0,0.0,0.0,0.0,0.0,0.05882,0,0,0.67807,-2.73999,3.00548,0.0,0.0,1.0,0.0,0.0,0.0
human_score 0.058823529411764705
wins_total 2/34
g1_num_particles 100000
g2_num_particles 100000

Image Creator Information
param_2 400 400 800 399
param_2 400 400 800 399
param_2 400 400 800 399
