SPAM Particle Information
sdss_name 587722984435351614
generation 0
run_number 752
model_name 1twdqs65humumfngntpf_0039
model_data -9.93853,-4.5805,15.24349,-2.82649,-1.13462,-0.32982,34.04598,26.92549,2.2151,4.88566,304.95126,38.09238,322.16309,305.65288,0.3,0.3,0.0,0.0,0.0,0.0,0.0,0.0,0.05882,0,0,0.4482,-2.11999,3.70704,0.0,0.0,1.0,0.0,0.0,0.0
human_score 0.058823529411764705
wins_total 2/34
g1_num_particles 100000
g2_num_particles 100000

Image Creator Information
param_2 400 400 800 399
param_2 400 400 800 399
param_2 400 400 800 399
