SPAM Particle Information
sdss_name 587722984435351614
generation 0
run_number 754
model_name r3zi4q2i88338o4wgb8_0006
model_data -9.93853,-4.5805,18.43607,-3.09145,-2.57276,-0.26456,32.07565,13.09487,3.32496,4.16695,302.52111,35.86757,307.32115,238.4271,0.3,0.3,0.0,0.0,0.0,0.0,0.0,0.0,0.05882,0,0,0.50209,-2.13999,2.85021,0.0,0.0,1.0,0.0,0.0,0.0
human_score 0.058823529411764705
wins_total 2/34
g1_num_particles 100000
g2_num_particles 100000

Image Creator Information
param_2 400 400 800 400
param_2 400 400 800 400
param_2 400 400 800 400
