SPAM Particle Information
sdss_name 587722984435351614
generation 0
run_number 756
model_name 2p06snnj5f3n7hvh68d_0002
model_data -9.93853,-4.5805,13.17678,-1.84668,-2.36312,20.59874,13.56137,18.61312,2.32337,2.84033,303.07258,38.36021,50.70377,57.64201,0.3,0.3,0.0,0.0,0.0,0.0,0.0,0.0,0.05882,0,0,0.17627,-4.31999,6.37588,0.0,0.0,0.0,1.0,0.0,0.0
human_score 0.058823529411764705
wins_total 2/34
g1_num_particles 100000
g2_num_particles 100000

Image Creator Information
param_2 400 400 800 399
param_2 400 400 800 399
param_2 400 400 800 399
