SPAM Particle Information
sdss_name 587722984435351614
generation 0
run_number 761
model_name 1rbrgxig90gf19q1c5rj_0011
model_data -9.93853,-4.5805,17.26353,-2.27505,-1.2247,-3.06648,26.27931,28.32905,1.98935,3.74973,300.92123,37.94482,323.65594,294.46045,0.3,0.3,0.0,0.0,0.0,0.0,0.0,0.0,0.05882,0,0,0.53135,-2.53999,3.31614,0.0,1.0,1.0,0.0,0.0,0.0
human_score 0.058823529411764705
wins_total 2/34
g1_num_particles 100000
g2_num_particles 100000

Image Creator Information
param_2 400 400 800 399
param_2 400 400 800 399
param_2 400 400 800 399
