SPAM Particle Information
sdss_name 587722984435351614
generation 0
run_number 762
model_name 1rbrgxig90gf19q1c5rj_0021
model_data -9.93853,-4.5805,10.28543,2.91337,-1.62412,-3.06648,17.2781,25.88461,3.29869,4.63898,294.80672,33.60006,312.21018,304.44296,0.3,0.3,0.0,0.0,0.0,0.0,0.0,0.0,0.05882,0,0,0.10644,-20.93999,9.89874,0.0,0.0,1.0,0.0,0.0,0.0
human_score 0.058823529411764705
wins_total 2/34
g1_num_particles 100000
g2_num_particles 100000

Image Creator Information
param_2 400 400 800 399
param_2 400 400 800 399
param_2 400 400 800 399
