SPAM Particle Information
sdss_name 587722984435351614
generation 0
run_number 764
model_name 1tvmhvdz5wi02c28ww6l_0000
model_data -9.93853,-4.5805,8.58594,-3.12885,-0.3613,-8.10547,24.164,23.45788,2.40713,3.16501,296.34829,32.5513,309.07571,237.92718,0.3,0.3,0.0,0.0,0.0,0.0,0.0,0.0,0.05882,0,0,0.27554,-2.04,4.90051,0.0,0.0,1.0,1.0,0.0,0.0
human_score 0.058823529411764705
wins_total 2/34
g1_num_particles 100000
g2_num_particles 100000

Image Creator Information
param_2 400 400 800 399
param_2 400 400 800 399
param_2 400 400 800 399
