SPAM Particle Information
sdss_name 587722984435351614
generation 0
run_number 766
model_name 1rt6955huwtsbapm8lh5_0027
model_data -9.93853,-4.5805,3.89246,-1.45457,-0.86091,-5.50964,32.26556,11.59848,3.37198,3.22722,288.8125,21.4375,317.51552,333.1677,0.3,0.3,0.0,0.0,0.0,0.0,0.0,0.0,0.05882,0,0,0.75993,-3.69999,3.35801,0.0,1.0,1.0,0.0,0.0,0.0
human_score 0.058823529411764705
wins_total 2/34
g1_num_particles 100000
g2_num_particles 100000

Image Creator Information
param_2 400 400 800 399
param_2 400 400 800 399
param_2 400 400 800 399
