SPAM Particle Information
sdss_name 587722984435351614
generation 0
run_number 771
model_name 1s3qm99lh6mjb0q3oqgg_0016
model_data -9.93853,-4.5805,2.10298,-1.41855,-0.2311,3.08792,27.60369,11.12353,2.18374,4.90921,300.51838,35.64253,53.28559,300.80982,0.3,0.3,0.0,0.0,0.0,0.0,0.0,0.0,0.05882,0,0,0.17511,-26.29999,7.82711,0.0,0.0,0.0,0.0,0.0,0.0
human_score 0.058823529411764705
wins_total 2/34
g1_num_particles 100000
g2_num_particles 100000

Image Creator Information
param_2 400 400 800 400
param_2 400 400 800 400
param_2 400 400 800 400
