SPAM Particle Information
sdss_name 587722984435351614
generation 0
run_number 773
model_name p7esl68433sy7uh4fd6_0007
model_data -9.93853,-4.5805,22.29281,-2.35285,-2.22865,1.95917,13.73262,27.60445,2.90239,3.6455,312.0625,29.125,304.09937,328.69565,0.3,0.3,0.0,0.0,0.0,0.0,0.0,0.0,0.05882,0,0,0.21864,-2.27999,4.06854,0.0,1.0,1.0,1.0,0.0,0.0
human_score 0.058823529411764705
wins_total 2/34
g1_num_particles 100000
g2_num_particles 100000

Image Creator Information
param_2 400 400 800 399
param_2 400 400 800 399
param_2 400 400 800 399
