SPAM Particle Information
sdss_name 587722984435351614
generation 0
run_number 774
model_name p7esl68433sy7uh4fd6_0008
model_data -9.93853,-4.5805,22.33604,-1.94235,-1.54595,-1.69741,23.62079,24.25615,3.51077,3.65536,294.78967,29.83715,130.37377,311.16292,0.3,0.3,0.0,0.0,0.0,0.0,0.0,0.0,0.05882,0,0,0.03252,-15.77999,19.91854,0.0,0.0,0.0,0.0,0.0,0.0
human_score 0.058823529411764705
wins_total 2/34
g1_num_particles 100000
g2_num_particles 100000

Image Creator Information
param_2 400 400 800 399
param_2 400 400 800 399
param_2 400 400 800 399
