SPAM Particle Information
sdss_name 587722984435351614
generation 0
run_number 778
model_name 6gzeuiyo71sse26zgp9_0003
model_data -9.93853,-4.5805,20.94001,-1.63556,-2.74814,0.83739,30.75327,9.22049,2.4481,3.39417,298.02235,24.59554,317.2646,63.63573,0.3,0.3,0.0,0.0,0.0,0.0,0.0,0.0,0.05882,0,0,0.00733,0.0,23.76436,0.0,0.0,1.0,0.0,0.0,0.0
human_score 0.058823529411764705
wins_total 2/34
g1_num_particles 100000
g2_num_particles 100000

Image Creator Information
param_2 400 400 800 399
param_2 400 400 800 399
param_2 400 400 800 399
