SPAM Particle Information
sdss_name 587722984435351614
generation 0
run_number 779
model_name nowi6d09asvkncjlil_0003
model_data -9.93853,-4.5805,22.50057,-2.67013,2.56764,5.67446,30.86216,28.91013,3.81696,3.82937,305.94592,27.86991,52.39877,305.64601,0.3,0.3,0.0,0.0,0.0,0.0,0.0,0.0,0.05882,0,0,0.00964,0.0,25.17204,0.0,0.0,0.0,0.0,0.0,0.0
human_score 0.058823529411764705
wins_total 2/34
g1_num_particles 100000
g2_num_particles 100000

Image Creator Information
param_2 400 400 800 399
param_2 400 400 800 399
param_2 400 400 800 399
