SPAM Particle Information
sdss_name 587722984435351614
generation 0
run_number 788
model_name 7p5tjonbhrzuam4grk9_0002
model_data -9.93853,-4.5805,21.00108,-0.81595,-2.12033,-5.02943,34.43657,17.67745,3.52339,3.46174,302.31024,35.402,311.59517,54.14634,0.3,0.3,0.0,0.0,0.0,0.0,0.0,0.0,0.05882,0,0,0.16218,-3.17999,6.32469,0.0,1.0,1.0,1.0,0.0,0.0
human_score 0.058823529411764705
wins_total 2/34
g1_num_particles 100000
g2_num_particles 100000

Image Creator Information
param_2 400 400 800 400
param_2 400 400 800 400
param_2 400 400 800 400
