SPAM Particle Information
sdss_name 587722984435351614
generation 0
run_number 797
model_name qw9i0vwitw6lgkcz4sk_0001
model_data -9.93853,-4.5805,7.93288,-1.30197,-1.82048,-7.06444,11.70826,20.41757,3.13475,3.48158,301.17694,33.8901,307.06977,51.49071,0.3,0.3,0.0,0.0,0.0,0.0,0.0,0.0,0.05714,0,0,0.09076,-1.88,7.49734,0.0,0.0,0.0,0.0,0.0,0.0
human_score 0.05714285714285714
wins_total 2/35
g1_num_particles 100000
g2_num_particles 100000

Image Creator Information
param_2 400 400 800 400
param_2 400 400 800 400
param_2 400 400 800 400
