SPAM Particle Information
sdss_name 587722984435351614
generation 0
run_number 798
model_name 2kmygq5q7wm5ha0vexm_0004
model_data -9.93853,-4.5805,8.28101,-0.85196,0.27565,4.07318,14.48584,14.9804,3.15835,2.67459,310.89799,35.1831,308.83949,127.24963,0.3,0.3,0.0,0.0,0.0,0.0,0.0,0.0,0.05714,0,0,0.56704,-6.14,3.61503,0.0,0.0,1.0,1.0,0.0,0.0
human_score 0.05714285714285714
wins_total 2/35
g1_num_particles 100000
g2_num_particles 100000

Image Creator Information
param_2 400 400 800 400
param_2 400 400 800 400
param_2 400 400 800 400
