SPAM Particle Information
sdss_name 587722984435351614
generation 0
run_number 799
model_name 2kmygq5q7wm5ha0vexm_0013
model_data -9.93853,-4.5805,-6.05568,-1.57759,-2.70053,5.11623,12.28431,13.72493,3.29071,4.03905,294.78917,36.7313,132.36973,302.37866,0.3,0.3,0.0,0.0,0.0,0.0,0.0,0.0,0.05714,0,0,0.16247,-3.43999,6.52987,0.0,0.0,1.0,0.0,0.0,0.0
human_score 0.05714285714285714
wins_total 2/35
g1_num_particles 100000
g2_num_particles 100000

Image Creator Information
param_2 400 400 800 399
param_2 400 400 800 399
param_2 400 400 800 399
