SPAM Particle Information
sdss_name 587722984435351614
generation 0
run_number 800
model_name 1ulml49d0a5nr7ikcpmq_0022
model_data -9.93853,-4.5805,16.54363,-2.03189,-1.9693,-2.98818,35.33581,25.80083,3.37296,2.79258,306.04513,26.55225,139.56791,238.49277,0.3,0.3,0.0,0.0,0.0,0.0,0.0,0.0,0.05714,0,0,1.27139,-27.83999,2.27929,0.0,0.0,1.0,0.0,0.0,0.0
human_score 0.05714285714285714
wins_total 2/35
g1_num_particles 100000
g2_num_particles 100000

Image Creator Information
param_2 400 400 800 400
param_2 400 400 800 400
param_2 400 400 800 400
