SPAM Particle Information
sdss_name 587722984435351614
generation 0
run_number 809
model_name p47op8l021fvhx6k8mn_0000
model_data -9.93853,-4.5805,20.31691,-2.75016,-0.61787,4.42328,27.46119,17.69882,1.50447,4.55571,291.08676,26.60521,127.77663,307.72865,0.3,0.3,0.0,0.0,0.0,0.0,0.0,0.0,0.05714,0,0,0.36489,-4.71999,4.44197,0.0,0.0,1.0,1.0,0.0,0.0
human_score 0.05714285714285714
wins_total 2/35
g1_num_particles 100000
g2_num_particles 100000

Image Creator Information
param_2 400 400 800 399
param_2 400 400 800 399
param_2 400 400 800 399
