SPAM Particle Information
sdss_name 587722984435351614
generation 0
run_number 813
model_name 6jmgxgmgkwrj1nuyrau_0001
model_data -9.93853,-4.5805,-13.81031,-2.0464,2.07987,-8.56844,33.2218,25.15652,4.38278,4.51206,310.96268,23.65277,45.67665,309.49895,0.3,0.3,0.0,0.0,0.0,0.0,0.0,0.0,0.05714,0,0,0.06498,-13.21999,16.48916,0.0,0.0,0.0,0.0,0.0,0.0
human_score 0.05714285714285714
wins_total 2/35
g1_num_particles 100000
g2_num_particles 100000

Image Creator Information
param_2 400 400 800 400
param_2 400 400 800 400
param_2 400 400 800 400
