SPAM Particle Information
sdss_name 587722984435351614
generation 0
run_number 814
model_name 1twdqs65humumfngntpf_0006
model_data -9.93853,-4.5805,5.86808,-2.81239,-2.36547,-0.32982,31.12015,27.77237,3.26834,3.3098,300.47159,29.68806,315.88496,112.0764,0.3,0.3,0.0,0.0,0.0,0.0,0.0,0.0,0.05714,0,0,0.22537,-1.58,5.83742,0.0,0.0,1.0,1.0,0.0,0.0
human_score 0.05714285714285714
wins_total 2/35
g1_num_particles 100000
g2_num_particles 100000

Image Creator Information
param_2 400 400 800 400
param_2 400 400 800 400
param_2 400 400 800 400
