SPAM Particle Information
sdss_name 587722984435351614
generation 0
run_number 819
model_name r3zi4q2i88338o4wgb8_0002
model_data -9.93853,-4.5805,-11.98914,-2.15824,0.67745,-0.26456,16.54294,17.79246,3.54252,2.87478,306.93566,35.86297,46.03395,130.03251,0.3,0.3,0.0,0.0,0.0,0.0,0.0,0.0,0.05714,0,0,0.22765,-4.95999,6.0965,0.0,0.0,1.0,1.0,0.0,0.0
human_score 0.05714285714285714
wins_total 2/35
g1_num_particles 100000
g2_num_particles 100000

Image Creator Information
param_2 400 400 800 399
param_2 400 400 800 399
param_2 400 400 800 399
