SPAM Particle Information
sdss_name 587722984435351614
generation 0
run_number 821
model_name 9nctqu52sab0ai3d2j_0007
model_data -9.93853,-4.5805,19.21972,2.07484,-0.75269,20.59874,32.68476,26.95533,4.41017,4.90169,304.63448,28.79023,324.21167,308.53294,0.3,0.3,0.0,0.0,0.0,0.0,0.0,0.0,0.05714,0,0,0.20351,-24.17999,6.14879,0.0,0.0,1.0,0.0,0.0,0.0
human_score 0.05714285714285714
wins_total 2/35
g1_num_particles 100000
g2_num_particles 100000

Image Creator Information
param_2 400 400 800 399
param_2 400 400 800 399
param_2 400 400 800 399
