SPAM Particle Information
sdss_name 587722984435351614
generation 0
run_number 825
model_name 2p06snnj5f3n7hvh68d_0000
model_data -9.93853,-4.5805,-0.80038,-0.54008,-2.69719,6.67244,23.66098,27.02242,3.45616,4.60692,296.31353,17.5,311.97524,324.2236,0.3,0.3,0.0,0.0,0.0,0.0,0.0,0.0,0.05714,0,0,0.19322,-2.65999,8.58991,0.0,1.0,0.0,1.0,0.0,0.0
human_score 0.05714285714285714
wins_total 2/35
g1_num_particles 100000
g2_num_particles 100000

Image Creator Information
param_2 400 400 800 400
param_2 400 400 800 400
param_2 400 400 800 400
