SPAM Particle Information
sdss_name 587722984435351614
generation 0
run_number 828
model_name 1rbrgxig90gf19q1c5rj_0010
model_data -9.93853,-4.5805,17.26353,-2.2455,-0.95255,-3.06648,26.27931,28.32905,1.98935,3.74973,300.92123,37.94482,323.65594,294.46045,0.3,0.3,0.0,0.0,0.0,0.0,0.0,0.0,0.05714,0,0,0.45104,-2.55999,3.63759,0.0,1.0,1.0,0.0,0.0,0.0
human_score 0.05714285714285714
wins_total 2/35
g1_num_particles 100000
g2_num_particles 100000

Image Creator Information
param_2 400 400 800 400
param_2 400 400 800 400
param_2 400 400 800 400
