SPAM Particle Information
sdss_name 587722984435351614
generation 0
run_number 836
model_name r46ht5l3wj43je9tt87_0006
model_data -9.93853,-4.5805,19.30088,-1.40325,-2.26537,2.36973,34.47793,10.26879,3.71925,3.31913,297.05421,24.95633,322.37239,115.89184,0.3,0.3,0.0,0.0,0.0,0.0,0.0,0.0,0.05714,0,0,0.27515,-3.57999,4.77324,0.0,0.0,1.0,0.0,0.0,0.0
human_score 0.05714285714285714
wins_total 2/35
g1_num_particles 100000
g2_num_particles 100000

Image Creator Information
param_2 400 400 800 399
param_2 400 400 800 399
param_2 400 400 800 399
