SPAM Particle Information
sdss_name 587722984435351614
generation 0
run_number 848
model_name 2p2jglew72ndzengvdv_0004
model_data -9.93853,-4.5805,6.74088,-0.98016,-2.37514,-6.62043,23.99193,14.50866,2.93703,4.8448,296.02874,19.375,319.9987,116.27329,0.3,0.3,0.0,0.0,0.0,0.0,0.0,0.0,0.05714,0,0,0.25381,-28.63999,5.8385,0.0,1.0,0.0,0.0,0.0,0.0
human_score 0.05714285714285714
wins_total 2/35
g1_num_particles 100000
g2_num_particles 100000

Image Creator Information
param_2 400 400 800 399
param_2 400 400 800 399
param_2 400 400 800 399
