SPAM Particle Information
sdss_name 587722984435351614
generation 0
run_number 855
model_name 2pol5a19bzq0vopji46_0001
model_data -9.93853,-4.5805,-19.29313,-1.98112,0.04704,8.19247,12.38823,31.35946,3.2784,4.05593,300.85404,38.90096,42.04444,228.99196,0.3,0.3,0.0,0.0,0.0,0.0,0.0,0.0,0.05714,0,0,0.79613,-4.79999,2.84092,0.0,0.0,0.0,0.0,0.0,0.0
human_score 0.05714285714285714
wins_total 2/35
g1_num_particles 100000
g2_num_particles 100000

Image Creator Information
param_2 400 400 800 399
param_2 400 400 800 399
param_2 400 400 800 399
