SPAM Particle Information
sdss_name 587722984435351614
generation 0
run_number 859
model_name 6txceejgneukzanmq1s_0002
model_data -9.93853,-4.5805,-3.63122,-2.23265,-2.18128,6.1179,12.40233,27.86354,3.06704,3.1306,298.48785,23.5749,43.66339,52.95742,0.3,0.3,0.0,0.0,0.0,0.0,0.0,0.0,0.05714,0,0,0.53652,-25.99999,3.93631,0.0,0.0,0.0,0.0,0.0,0.0
human_score 0.05714285714285714
wins_total 2/35
g1_num_particles 100000
g2_num_particles 100000

Image Creator Information
param_2 400 400 800 399
param_2 400 400 800 399
param_2 400 400 800 399
