SPAM Particle Information
sdss_name 587722984435351614
generation 0
run_number 863
model_name 7p5tjonbhrzuam4grk9_0010
model_data -9.93853,-4.5805,18.07121,-0.81595,-2.12033,-5.02943,34.43657,17.67745,3.5299,2.53737,302.31024,35.402,311.59517,54.14634,0.3,0.3,0.0,0.0,0.0,0.0,0.0,0.0,0.05714,0,0,0.26603,-4.45999,5.7826,0.0,1.0,0.0,0.0,0.0,0.0
human_score 0.05714285714285714
wins_total 2/35
g1_num_particles 100000
g2_num_particles 100000

Image Creator Information
param_2 400 400 799 399
param_2 400 400 799 399
param_2 400 400 799 399
