SPAM Particle Information
sdss_name 587722984435351614
generation 0
run_number 864
model_name 3i0agt6b6w4xia6gt1d_0000
model_data -9.93853,-4.5805,16.7844,-0.96755,0.88184,20.59874,17.93941,29.43947,3.43895,2.96058,309.18064,25.95447,133.18329,131.09478,0.3,0.3,0.0,0.0,0.0,0.0,0.0,0.0,0.05714,0,0,0.09801,-3.09999,8.65639,0.0,0.0,0.0,0.0,0.0,0.0
human_score 0.05714285714285714
wins_total 2/35
g1_num_particles 100000
g2_num_particles 100000

Image Creator Information
param_2 400 400 800 399
param_2 400 400 800 399
param_2 400 400 800 399
