SPAM Particle Information
sdss_name 587722984435351614
generation 0
run_number 865
model_name 2qsu1rz66pcaxmf76r_0000
model_data -9.93853,-4.5805,-5.15406,-0.64859,-1.72261,8.54132,26.02658,18.77595,2.70167,3.85694,301.16533,37.89177,231.24874,291.81788,0.3,0.3,0.0,0.0,0.0,0.0,0.0,0.0,0.05714,0,0,0.15686,-2.39999,7.96798,0.0,0.0,0.0,0.0,0.0,0.0
human_score 0.05714285714285714
wins_total 2/35
g1_num_particles 100000
g2_num_particles 100000

Image Creator Information
param_2 400 400 800 400
param_2 400 400 800 400
param_2 400 400 800 400
