SPAM Particle Information
sdss_name 587722984435351614
generation 0
run_number 867
model_name 2ubgb1tdv3c6scsdxle_0000
model_data -9.93853,-4.5805,5.28484,-2.19614,1.29804,20.59874,17.11425,21.38255,4.14151,3.52712,309.19128,22.23247,228.3413,113.17826,0.3,0.3,0.0,0.0,0.0,0.0,0.0,0.0,0.05714,0,0,0.13417,-2.45999,8.20267,0.0,0.0,0.0,0.0,0.0,0.0
human_score 0.05714285714285714
wins_total 2/35
g1_num_particles 100000
g2_num_particles 100000

Image Creator Information
param_2 400 400 800 400
param_2 400 400 800 400
param_2 400 400 800 400
