SPAM Particle Information
sdss_name 587722984435351614
generation 0
run_number 869
model_name 1ugxo1lis0024gtdw7pg_0004
model_data -9.93853,-4.5805,-15.74527,-1.2602,-1.65052,1.05022,12.90526,12.18051,3.02608,4.68862,307.75,24.53306,221.36645,52.94566,0.3,0.3,0.0,0.0,0.0,0.0,0.0,0.0,0.05714,0,0,0.23444,-3.79999,4.33592,0.0,1.0,0.0,0.0,0.0,0.0
human_score 0.05714285714285714
wins_total 2/35
g1_num_particles 100000
g2_num_particles 100000

Image Creator Information
param_2 400 400 800 399
param_2 400 400 800 399
param_2 400 400 800 399
