SPAM Particle Information
sdss_name 587722984435351614
generation 0
run_number 874
model_name qsw161q205in1ltlx74_0002
model_data -9.93853,-4.5805,6.42621,-3.14918,-1.72887,1.44945,23.84068,12.68835,3.85791,4.29099,301.97928,36.37676,45.95988,67.38879,0.3,0.3,0.0,0.0,0.0,0.0,0.0,0.0,0.05555,0,0,0.20901,-3.07999,6.30822,0.0,0.0,1.0,1.0,0.0,0.0
human_score 0.05555555555555555
wins_total 2/36
g1_num_particles 100000
g2_num_particles 100000

Image Creator Information
param_2 400 400 800 399
param_2 400 400 800 399
param_2 400 400 800 399
