SPAM Particle Information
sdss_name 587722984435351614
generation 0
run_number 881
model_name 6doot7zvgjyj5216akg_0006
model_data -9.93853,-4.5805,24.70296,-2.00334,-1.89665,-7.20353,35.95513,15.93418,3.3508,3.59591,309.66202,30.27016,42.49815,295.30757,0.3,0.3,0.0,0.0,0.0,0.0,0.0,0.0,0.05555,0,0,0.00914,0.0,27.12902,0.0,0.0,1.0,0.0,0.0,0.0
human_score 0.05555555555555555
wins_total 2/36
g1_num_particles 100000
g2_num_particles 100000

Image Creator Information
param_2 400 400 800 399
param_2 400 400 800 399
param_2 400 400 800 399
