SPAM Particle Information
sdss_name 587722984435351614
generation 0
run_number 894
model_name 6gzeuiyo71sse26zgp9_0002
model_data -9.93853,-4.5805,4.88034,-2.07772,-0.02895,0.83739,33.60324,14.9818,4.12223,2.92759,299.8734,22.12633,316.83791,51.31059,0.3,0.3,0.0,0.0,0.0,0.0,0.0,0.0,0.05555,0,0,0.522,-3.23999,4.27113,0.0,0.0,1.0,1.0,0.0,0.0
human_score 0.05555555555555555
wins_total 2/36
g1_num_particles 100000
g2_num_particles 100000

Image Creator Information
param_2 400 400 800 399
param_2 400 400 800 399
param_2 400 400 800 399
