SPAM Particle Information
sdss_name 587722984435351614
generation 0
run_number 896
model_name 34rs3e032eok3ci5m41_0001
model_data -9.93853,-4.5805,18.92136,-1.55142,-2.59547,-7.15121,14.88476,26.31677,3.24108,4.31033,309.66655,35.29672,36.56595,303.48779,0.3,0.3,0.0,0.0,0.0,0.0,0.0,0.0,0.05555,0,0,0.18494,-2.93999,5.29142,0.0,0.0,0.0,0.0,0.0,0.0
human_score 0.05555555555555555
wins_total 2/36
g1_num_particles 100000
g2_num_particles 100000

Image Creator Information
param_2 400 400 800 399
param_2 400 400 800 399
param_2 400 400 800 399
