SPAM Particle Information
sdss_name 587722984435351614
generation 0
run_number 897
model_name 1surymtmhuxnpb8gsjf6_0002
model_data -9.93853,-4.5805,-4.18367,-0.98016,-2.45565,6.73122,32.59651,15.96374,3.31586,4.51177,309.72609,24.74284,39.57294,57.871,0.3,0.3,0.0,0.0,0.0,0.0,0.0,0.0,0.05555,0,0,0.23624,-2.65999,6.69963,0.0,1.0,1.0,1.0,0.0,0.0
human_score 0.05555555555555555
wins_total 2/36
g1_num_particles 100000
g2_num_particles 100000

Image Creator Information
param_2 400 400 800 399
param_2 400 400 800 399
param_2 400 400 800 399
