SPAM Particle Information
sdss_name 587722984435351614
generation 0
run_number 906
model_name 2ooi30c22u21kyjf0m7_0004
model_data -9.93853,-4.5805,5.2917,1.38206,0.76963,20.59874,24.61061,22.45326,2.4718,2.86439,306.74461,33.82166,220.96212,297.29995,0.3,0.3,0.0,0.0,0.0,0.0,0.0,0.0,0.02941,0,0,0.04808,-0.42,11.81747,0.0,0.0,1.0,0.0,0.0,0.0
human_score 0.029411764705882353
wins_total 1/34
g1_num_particles 100000
g2_num_particles 100000

Image Creator Information
param_2 400 400 800 400
param_2 400 400 800 400
param_2 400 400 800 400
