SPAM Particle Information
sdss_name 587722984435351614
generation 0
run_number 907
model_name qw9i0vwitw6lgkcz4sk_0000
model_data -9.93853,-4.5805,0.53962,0.30041,0.91447,5.10972,34.83588,27.93917,3.70901,3.923,295.98603,27.96747,136.95189,126.49198,0.3,0.3,0.0,0.0,0.0,0.0,0.0,0.0,0.02941,0,0,3.63422,-7.32,1.38519,0.0,0.0,0.0,0.0,0.0,0.0
human_score 0.029411764705882353
wins_total 1/34
g1_num_particles 100000
g2_num_particles 100000

Image Creator Information
param_2 400 400 800 400
param_2 400 400 800 400
param_2 400 400 800 400
