SPAM Particle Information
sdss_name 587722984435351614
generation 0
run_number 908
model_name 7bdxhai19x979b7tv7_0002
model_data -10.00349,-4.73481,-14.82792,-2.26126,0.17735,1.63742,18.16715,28.02597,2.38573,3.29669,350.23891,44.72108,154.3602,62.22923,0.3,0.3,0.0,0.0,0.0,0.0,0.0,0.0,0.02941,0,0,0.41579,-3.41999,4.09472,0.0,0.0,0.0,0.0,0.0,0.0
human_score 0.029411764705882353
wins_total 1/34
g1_num_particles 100000
g2_num_particles 100000

Image Creator Information
param_2 400 400 800 400
param_2 400 400 800 400
param_2 400 400 800 400
