SPAM Particle Information
sdss_name 587722984435351614
generation 0
run_number 911
model_name 1ulml49d0a5nr7ikcpmq_0007
model_data -9.93853,-4.5805,-4.21948,-1.90283,-1.78979,-2.98818,23.24928,26.97712,4.25868,4.69325,309.65736,36.53194,140.61353,236.2608,0.3,0.3,0.0,0.0,0.0,0.0,0.0,0.0,0.02941,0,0,1.39483,-2.95999,2.2997,0.0,0.0,1.0,1.0,0.0,0.0
human_score 0.029411764705882353
wins_total 1/34
g1_num_particles 100000
g2_num_particles 100000

Image Creator Information
param_2 400 400 800 400
param_2 400 400 800 400
param_2 400 400 800 400
