SPAM Particle Information
sdss_name 587722984435351614
generation 0
run_number 912
model_name 1ulml49d0a5nr7ikcpmq_0010
model_data -9.93853,-4.5805,19.04276,-1.52206,-0.47152,9.298,17.00265,19.28838,2.82825,4.30033,302.27763,27.73027,228.94063,128.02022,0.3,0.3,0.0,0.0,0.0,0.0,0.0,0.0,0.02941,0,0,8.53369,-4.73999,0.62621,0.0,0.0,1.0,0.0,0.0,0.0
human_score 0.029411764705882353
wins_total 1/34
g1_num_particles 100000
g2_num_particles 100000

Image Creator Information
param_2 400 400 800 400
param_2 400 400 800 400
param_2 400 400 800 400
