SPAM Particle Information
sdss_name 587722984435351614
generation 0
run_number 918
model_name r3454zfq45w8k3yjqj2_0010
model_data -9.93853,-4.5805,17.58432,-2.79618,-2.72791,2.33304,12.7716,25.01758,4.17317,4.65906,302.42789,25.22647,218.28907,57.60175,0.3,0.3,0.0,0.0,0.0,0.0,0.0,0.0,0.02941,0,0,0.44694,-2.69999,3.12259,0.0,0.0,0.0,0.0,0.0,0.0
human_score 0.029411764705882353
wins_total 1/34
g1_num_particles 100000
g2_num_particles 100000

Image Creator Information
param_2 400 400 800 399
param_2 400 400 800 399
param_2 400 400 800 399
