SPAM Particle Information
sdss_name 587722984435351614
generation 0
run_number 926
model_name 1s90y5wi8x16gyrd6b6e_0006
model_data -9.93853,-4.5805,2.30966,-1.33679,-2.23428,-7.41408,11.25367,9.81619,2.69557,3.75478,300.12219,20.33758,39.03616,230.58635,0.3,0.3,0.0,0.0,0.0,0.0,0.0,0.0,0.02941,0,0,0.1359,-3.37999,7.03013,0.0,0.0,1.0,0.0,0.0,0.0
human_score 0.029411764705882353
wins_total 1/34
g1_num_particles 100000
g2_num_particles 100000

Image Creator Information
param_2 400 400 800 399
param_2 400 400 800 399
param_2 400 400 800 399
