SPAM Particle Information
sdss_name 587722984435351614
generation 0
run_number 927
model_name 1s90y5wi8x16gyrd6b6e_0007
model_data -9.93853,-4.5805,-11.17672,-0.402,-3.07388,-7.41408,27.19126,20.84984,2.94678,4.87391,309.66839,36.00699,131.30306,114.08049,0.3,0.3,0.0,0.0,0.0,0.0,0.0,0.0,0.02941,0,0,0.02038,0.0,15.74814,0.0,0.0,1.0,0.0,0.0,0.0
human_score 0.029411764705882353
wins_total 1/34
g1_num_particles 100000
g2_num_particles 100000

Image Creator Information
param_2 400 400 800 399
param_2 400 400 800 399
param_2 400 400 800 399
