SPAM Particle Information
sdss_name 587722984435351614
generation 0
run_number 928
model_name qv6eanux8teukbq1kub_0019
model_data -9.93853,-4.5805,9.73885,-2.69147,-3.14551,-6.58917,34.11606,23.37394,3.46006,4.92131,299.30703,37.19323,140.06064,63.05244,0.3,0.3,0.0,0.0,0.0,0.0,0.0,0.0,0.02941,0,0,0.52822,-28.59999,3.68002,0.0,0.0,0.0,0.0,0.0,0.0
human_score 0.029411764705882353
wins_total 1/34
g1_num_particles 100000
g2_num_particles 100000

Image Creator Information
param_2 400 400 800 400
param_2 400 400 800 400
param_2 400 400 800 400
