SPAM Particle Information
sdss_name 587722984435351614
generation 0
run_number 931
model_name 6f52fv4c99vttqroh9a_0006
model_data -9.93853,-4.5805,16.91802,-0.77743,-1.49787,-2.50471,34.50491,30.24168,1.61182,3.35148,304.75896,23.93051,225.3467,126.19575,0.3,0.3,0.0,0.0,0.0,0.0,0.0,0.0,0.02941,0,0,0.66745,-4.09999,3.6995,0.0,0.0,1.0,0.0,0.0,0.0
human_score 0.029411764705882353
wins_total 1/34
g1_num_particles 100000
g2_num_particles 100000

Image Creator Information
param_2 400 400 800 400
param_2 400 400 800 400
param_2 400 400 800 400
