SPAM Particle Information
sdss_name 587722984435351614
generation 0
run_number 934
model_name 1rbrgxig90gf19q1c5rj_0025
model_data -9.93853,-4.5805,24.63837,-2.11634,-2.78809,20.59874,15.00125,31.20412,3.38144,4.78885,286.31802,29.28873,54.85714,29.72477,0.3,0.3,0.0,0.0,0.0,0.0,0.0,0.0,0.02941,0,0,0.10622,-4.29999,7.97899,0.0,1.0,0.0,0.0,0.0,0.0
human_score 0.029411764705882353
wins_total 1/34
g1_num_particles 100000
g2_num_particles 100000

Image Creator Information
param_2 400 400 800 399
param_2 400 400 800 399
param_2 400 400 800 399
