SPAM Particle Information
sdss_name 587722984435351614
generation 0
run_number 943
model_name 1rt6955huwtsbapm8lh5_0036
model_data -9.93853,-4.5805,3.89246,-0.6201,-1.65052,-5.50964,27.63233,13.6356,3.30183,2.98934,286.75,15.0625,297.3913,292.91925,0.3,0.3,0.0,0.0,0.0,0.0,0.0,0.0,0.02941,0,0,0.27454,-3.79999,6.36193,0.0,1.0,1.0,0.0,0.0,0.0
human_score 0.029411764705882353
wins_total 1/34
g1_num_particles 100000
g2_num_particles 100000

Image Creator Information
param_2 400 400 800 400
param_2 400 400 800 400
param_2 400 400 800 400
