SPAM Particle Information
sdss_name 587722984435351614
generation 0
run_number 947
model_name r46ht5l3wj43je9tt87_0001
model_data -9.93853,-4.5805,23.50869,-1.78776,-2.45381,2.36973,19.87815,28.26083,3.84826,3.85486,301.17656,23.01023,39.68116,296.41248,0.3,0.3,0.0,0.0,0.0,0.0,0.0,0.0,0.02941,0,0,0.18791,-2.55999,4.89204,0.0,0.0,1.0,1.0,0.0,0.0
human_score 0.029411764705882353
wins_total 1/34
g1_num_particles 100000
g2_num_particles 100000

Image Creator Information
param_2 400 400 800 399
param_2 400 400 800 399
param_2 400 400 800 399
