SPAM Particle Information
sdss_name 587722984435351614
generation 0
run_number 948
model_name 1rv61wb4yvwdxojk6jqt_0005
model_data -9.93853,-4.5805,24.06579,-1.29627,-1.57828,0.67671,17.58247,23.70706,2.59111,4.2555,296.30952,22.62077,233.71762,239.31596,0.3,0.3,0.0,0.0,0.0,0.0,0.0,0.0,0.02941,0,0,0.47657,-4.25999,3.35882,0.0,0.0,1.0,0.0,0.0,0.0
human_score 0.029411764705882353
wins_total 1/34
g1_num_particles 100000
g2_num_particles 100000

Image Creator Information
param_2 400 400 800 399
param_2 400 400 800 399
param_2 400 400 800 399
