SPAM Particle Information
sdss_name 587722984435351614
generation 0
run_number 953
model_name 1tyxcp9ycpr2ggvos35y_0001
model_data -9.93853,-4.5805,-16.66602,-2.35537,0.43273,-8.38363,14.65826,17.31735,3.14364,2.54055,306.08348,32.4899,131.39214,115.2113,0.3,0.3,0.0,0.0,0.0,0.0,0.0,0.0,0.02941,0,0,0.20626,-3.73999,5.09877,0.0,0.0,1.0,1.0,0.0,0.0
human_score 0.029411764705882353
wins_total 1/34
g1_num_particles 100000
g2_num_particles 100000

Image Creator Information
param_2 400 400 800 399
param_2 400 400 800 399
param_2 400 400 800 399
