SPAM Particle Information
sdss_name 587722984435351614
generation 0
run_number 955
model_name v3iwptkwn8pjjwyg9xm_0014
model_data -9.93853,-4.5805,18.8291,-1.82846,-0.70392,9.82984,10.73107,18.67453,2.63987,2.92734,302.88977,28.76723,36.72954,52.81266,0.3,0.3,0.0,0.0,0.0,0.0,0.0,0.0,0.02941,0,0,0.49282,-3.55999,2.86421,0.0,0.0,1.0,0.0,0.0,0.0
human_score 0.029411764705882353
wins_total 1/34
g1_num_particles 100000
g2_num_particles 100000

Image Creator Information
param_2 400 400 800 399
param_2 400 400 800 399
param_2 400 400 800 399
