SPAM Particle Information
sdss_name 587722984435351614
generation 0
run_number 966
model_name 6ervkv705b2mwwhf4ui_0056
model_data -9.93853,-4.5805,9.19814,-1.38516,-2.55932,20.59874,16.8766,15.09069,3.7508,4.46419,304.375,14.875,319.75155,15.65217,0.3,0.3,0.0,0.0,0.0,0.0,0.0,0.0,0.02941,0,0,0.19602,-3.91999,6.31454,0.0,1.0,1.0,0.0,0.0,0.0
human_score 0.029411764705882353
wins_total 1/34
g1_num_particles 100000
g2_num_particles 100000

Image Creator Information
param_2 400 400 800 400
param_2 400 400 800 400
param_2 400 400 800 400
