SPAM Particle Information
sdss_name 587722984435351614
generation 0
run_number 969
model_name 6gzeuiyo71sse26zgp9_0001
model_data -9.93853,-4.5805,15.05129,-3.10319,-1.03569,0.83739,12.85635,26.50339,4.02264,2.54096,300.42546,30.30909,130.85385,302.39497,0.3,0.3,0.0,0.0,0.0,0.0,0.0,0.0,0.02941,0,0,1.86743,-2.59999,1.47146,0.0,0.0,1.0,1.0,0.0,0.0
human_score 0.029411764705882353
wins_total 1/34
g1_num_particles 100000
g2_num_particles 100000

Image Creator Information
param_2 400 400 800 399
param_2 400 400 800 399
param_2 400 400 800 399
