SPAM Particle Information
sdss_name 587722984435351614
generation 0
run_number 970
model_name 1rzodrgasif1c31ih2j2_0017
model_data -9.93853,-4.5805,-1.97085,-1.82092,-1.03949,4.9179,25.84423,25.6634,3.92788,4.32381,303.0904,34.23832,38.67113,53.69769,0.3,0.3,0.0,0.0,0.0,0.0,0.0,0.0,0.02941,0,0,0.11325,-22.97999,10.23567,0.0,0.0,1.0,0.0,0.0,0.0
human_score 0.029411764705882353
wins_total 1/34
g1_num_particles 100000
g2_num_particles 100000

Image Creator Information
param_2 400 400 800 399
param_2 400 400 800 399
param_2 400 400 800 399
