SPAM Particle Information
sdss_name 587722984435351614
generation 0
run_number 971
model_name 6txceejgneukzanmq1s_0000
model_data -9.93853,-4.5805,2.79669,0.21963,-1.01912,9.9851,24.61543,31.50101,1.82724,3.30915,300.12046,34.85184,52.25584,298.34732,0.3,0.3,0.0,0.0,0.0,0.0,0.0,0.0,0.02941,0,0,3.36275,-5.9,1.40508,0.0,0.0,0.0,0.0,0.0,0.0
human_score 0.029411764705882353
wins_total 1/34
g1_num_particles 100000
g2_num_particles 100000

Image Creator Information
param_2 400 400 800 400
param_2 400 400 800 400
param_2 400 400 800 400
