SPAM Particle Information
sdss_name 587722984435351614
generation 0
run_number 972
model_name 1tflyx57s4hzitwufpam_0002
model_data -9.93853,-4.5805,7.12075,1.36689,3.19456,-5.20153,31.73747,9.94072,2.96672,3.932,294.77594,34.62364,216.13803,116.12337,0.3,0.3,0.0,0.0,0.0,0.0,0.0,0.0,0.02941,0,0,0.03188,0.0,13.17254,0.0,0.0,0.0,0.0,0.0,0.0
human_score 0.029411764705882353
wins_total 1/34
g1_num_particles 100000
g2_num_particles 100000

Image Creator Information
param_2 400 400 800 399
param_2 400 400 800 399
param_2 400 400 800 399
