SPAM Particle Information
sdss_name 587722984435351614
generation 0
run_number 976
model_name z0z3ha4hybpezdctfgk_0008
model_data -9.93853,-4.5805,5.42519,-2.7061,0.74191,-6.15754,31.8316,25.81152,3.63712,4.51356,296.78172,16.55882,48.43853,28.7234,0.3,0.3,0.0,0.0,0.0,0.0,0.0,0.0,0.02941,0,0,0.45612,-21.69999,5.26551,0.0,1.0,1.0,0.0,0.0,0.0
human_score 0.029411764705882353
wins_total 1/34
g1_num_particles 100000
g2_num_particles 100000

Image Creator Information
param_2 400 400 800 399
param_2 400 400 800 399
param_2 400 400 800 399
