SPAM Particle Information
sdss_name 587722984435351614
generation 0
run_number 980
model_name 2kmygq5q7wm5ha0vexm_0012
model_data -9.93853,-4.5805,-0.13321,-0.93344,-0.88621,5.11623,31.62994,19.98089,3.28602,4.01828,296.26069,23.15208,36.10619,297.16489,0.3,0.3,0.0,0.0,0.0,0.0,0.0,0.0,0.02857,0,0,0.20112,-2.95999,8.8503,0.0,0.0,1.0,0.0,0.0,0.0
human_score 0.02857142857142857
wins_total 1/35
g1_num_particles 100000
g2_num_particles 100000

Image Creator Information
param_2 400 400 800 400
param_2 400 400 800 400
param_2 400 400 800 400
