SPAM Particle Information
sdss_name 587722984435351614
generation 0
run_number 985
model_name ouj47lmbkcnae3jzpu7_0016
model_data -9.93853,-4.5805,20.04843,-2.56979,-0.65261,4.25662,19.44463,30.00976,4.20678,3.26924,298.90704,26.68161,129.70488,119.54377,0.3,0.3,0.0,0.0,0.0,0.0,0.0,0.0,0.02857,0,0,4.27064,-3.61999,1.01692,0.0,0.0,0.0,0.0,0.0,0.0
human_score 0.02857142857142857
wins_total 1/35
g1_num_particles 100000
g2_num_particles 100000

Image Creator Information
param_2 400 400 800 400
param_2 400 400 800 400
param_2 400 400 800 400
