SPAM Particle Information
sdss_name 587722984435351614
generation 0
run_number 988
model_name p47op8l021fvhx6k8mn_0002
model_data -9.93853,-4.5805,3.42038,-1.42846,-2.75889,4.42328,35.27357,12.3037,1.87645,2.80948,307.44788,34.70645,321.22811,63.78752,0.3,0.3,0.0,0.0,0.0,0.0,0.0,0.0,0.02857,0,0,0.35501,-3.37999,5.57612,0.0,0.0,1.0,1.0,0.0,0.0
human_score 0.02857142857142857
wins_total 1/35
g1_num_particles 100000
g2_num_particles 100000

Image Creator Information
param_2 400 400 800 399
param_2 400 400 800 399
param_2 400 400 800 399
