SPAM Particle Information
sdss_name 587722984435351614
generation 0
run_number 992
model_name 2w1na216swvgn5h1kae_0010
model_data -9.93853,-4.5805,17.83593,-2.08541,-0.84194,-5.69533,12.44689,25.32008,4.47284,4.3635,294.17993,24.21986,41.48544,304.30158,0.3,0.3,0.0,0.0,0.0,0.0,0.0,0.0,0.02857,0,0,0.2631,-2.69999,4.13381,0.0,0.0,1.0,0.0,0.0,0.0
human_score 0.02857142857142857
wins_total 1/35
g1_num_particles 100000
g2_num_particles 100000

Image Creator Information
param_2 400 400 800 399
param_2 400 400 800 399
param_2 400 400 800 399
