SPAM Particle Information
sdss_name 587722984435351614
generation 0
run_number 995
model_name 6doot7zvgjyj5216akg_0004
model_data -9.93853,-4.5805,-21.29827,-0.21392,0.29188,-7.20353,12.0489,22.13159,3.88367,4.00491,308.41421,24.58231,318.69013,50.41903,0.3,0.3,0.0,0.0,0.0,0.0,0.0,0.0,0.02857,0,0,0.01065,0.0,24.0431,0.0,0.0,1.0,0.0,0.0,0.0
human_score 0.02857142857142857
wins_total 1/35
g1_num_particles 100000
g2_num_particles 100000

Image Creator Information
param_2 400 400 800 399
param_2 400 400 800 399
param_2 400 400 800 399
