SPAM Particle Information
sdss_name 587722984435351614
generation 0
run_number 998
model_name r3zi4q2i88338o4wgb8_0001
model_data -9.93853,-4.5805,21.26149,-2.0326,-0.39986,-0.26456,20.15239,9.89515,3.4523,4.87635,292.57104,37.05783,311.75315,236.77046,0.3,0.3,0.0,0.0,0.0,0.0,0.0,0.0,0.02857,0,0,0.2838,-3.31999,3.64919,0.0,0.0,1.0,1.0,0.0,0.0
human_score 0.02857142857142857
wins_total 1/35
g1_num_particles 100000
g2_num_particles 100000

Image Creator Information
param_2 400 400 800 399
param_2 400 400 800 399
param_2 400 400 800 399
