SPAM Particle Information
sdss_name 587722984435351614
generation 0
run_number 999
model_name 9nctqu52sab0ai3d2j_0004
model_data -9.93853,-4.5805,22.13962,-2.34948,-0.59625,20.59874,29.31305,13.52508,3.67626,3.74877,294.48767,20.323,219.54622,129.03187,0.3,0.3,0.0,0.0,0.0,0.0,0.0,0.0,0.02857,0,0,3.14202,-4.09999,1.161,0.0,0.0,1.0,0.0,0.0,0.0
human_score 0.02857142857142857
wins_total 1/35
g1_num_particles 100000
g2_num_particles 100000

Image Creator Information
param_2 400 400 800 399
param_2 400 400 800 399
param_2 400 400 800 399
