SPAM Particle Information
sdss_name 587722984435351614
generation 0
run_number 1005
model_name 6f52fv4c99vttqroh9a_0005
model_data -9.93853,-4.5805,12.36614,-1.05806,-1.37937,-2.50471,12.62679,17.49704,1.7871,3.672,296.79222,38.38886,131.91511,64.14424,0.3,0.3,0.0,0.0,0.0,0.0,0.0,0.0,0.02857,0,0,0.33855,-3.97999,4.18455,0.0,0.0,1.0,0.0,0.0,0.0
human_score 0.02857142857142857
wins_total 1/35
g1_num_particles 100000
g2_num_particles 100000

Image Creator Information
param_2 400 400 800 400
param_2 400 400 800 400
param_2 400 400 800 400
param_2 400 400 800 400
