SPAM Particle Information
sdss_name 587722984435351614
generation 0
run_number 1013
model_name rhiroixzbybbk8qelzh_0002
model_data -9.93853,-4.5805,4.68141,-1.42218,-1.29721,-6.79839,21.74292,16.22345,2.53413,4.45348,309.31952,35.85559,47.19379,51.77398,0.3,0.3,0.0,0.0,0.0,0.0,0.0,0.0,0.02857,0,0,0.31403,-5.31999,6.04331,0.0,0.0,0.0,0.0,0.0,0.0
human_score 0.02857142857142857
wins_total 1/35
g1_num_particles 100000
g2_num_particles 100000

Image Creator Information
param_2 400 400 800 399
param_2 400 400 800 399
param_2 400 400 800 399
param_2 400 400 800 399
