SPAM Particle Information
sdss_name 587722984435351614
generation 0
run_number 1015
model_name 2isa2bpumpippge5so1_0001
model_data -9.93853,-4.5805,4.20913,-2.10034,-2.61668,-7.79783,26.97044,20.76554,3.48422,3.29859,301.9375,29.3125,304.09937,342.1118,0.3,0.3,0.0,0.0,0.0,0.0,0.0,0.0,0.02857,0,0,0.36084,-26.67999,4.80969,0.0,1.0,1.0,1.0,0.0,0.0
human_score 0.02857142857142857
wins_total 1/35
g1_num_particles 100000
g2_num_particles 100000

Image Creator Information
param_2 400 400 800 399
param_2 400 400 800 399
param_2 400 400 800 399
param_2 400 400 800 399
