SPAM Particle Information
sdss_name 587722984435351614
generation 0
run_number 1017
model_name ngfk4554egspvdzeud1_0004
model_data -9.93853,-4.5805,5.05592,1.47035,-1.79899,4.25827,12.93977,27.53364,4.65348,3.89403,299.00374,31.58926,36.988,240.43174,0.3,0.3,0.0,0.0,0.0,0.0,0.0,0.0,0.02857,0,0,0.05826,-0.74,11.49916,0.0,0.0,1.0,0.0,0.0,0.0
human_score 0.02857142857142857
wins_total 1/35
g1_num_particles 100000
g2_num_particles 100000

Image Creator Information
param_2 400 400 800 399
param_2 400 400 800 399
param_2 400 400 800 399
param_2 400 400 800 399
