SPAM Particle Information
sdss_name 587722984435351614
generation 0
run_number 1027
model_name 1tyxcp9ycpr2ggvos35y_0000
model_data -9.93853,-4.5805,-4.52092,-0.98016,-2.37514,-8.38363,21.34437,15.96374,3.23512,4.33538,300.115,28.66262,51.05666,55.97688,0.3,0.3,0.0,0.0,0.0,0.0,0.0,0.0,0.02857,0,0,0.24681,-3.19999,6.04911,0.0,1.0,1.0,1.0,0.0,0.0
human_score 0.02857142857142857
wins_total 1/35
g1_num_particles 100000
g2_num_particles 100000

Image Creator Information
param_2 400 400 800 399
param_2 400 400 800 399
param_2 400 400 800 399
param_2 400 400 800 399
