SPAM Particle Information
sdss_name 587722984435351614
generation 0
run_number 1029
model_name 1u0tl07v7k9ivm8nx4nl_0003
model_data -9.93853,-4.5805,10.75667,-0.90014,-0.28179,-9.2635,12.79735,17.52181,3.62453,5.98662,300.4375,21.8125,69.31677,24.59627,0.3,0.3,0.0,0.0,0.0,0.0,0.0,0.0,0.02857,0,0,67.79652,-27.85999,0.18674,0.0,1.0,1.0,1.0,0.0,0.0
human_score 0.02857142857142857
wins_total 1/35
g1_num_particles 100000
g2_num_particles 100000

Image Creator Information
param_2 400 400 800 399
param_2 400 400 800 399
param_2 400 400 800 399
param_2 400 400 800 399
