SPAM Particle Information
sdss_name 587722984435351614
generation 0
run_number 1036
model_name 6ervkv705b2mwwhf4ui_0061
model_data -9.93853,-4.5805,9.19814,-1.38516,-2.55932,20.59874,16.71113,15.52722,3.49825,4.46419,311.6875,14.875,328.69565,15.65217,0.3,0.3,0.0,0.0,0.0,0.0,0.0,0.0,0.02857,0,0,0.19815,-3.91999,6.29978,0.0,1.0,1.0,0.0,0.0,0.0
human_score 0.02857142857142857
wins_total 1/35
g1_num_particles 100000
g2_num_particles 100000

Image Creator Information
param_2 400 400 800 400
param_2 400 400 800 400
param_2 400 400 800 400
param_2 400 400 800 400
