SPAM Particle Information
sdss_name 587722984435351614
generation 0
run_number 1037
model_name 6frr5hdoaoanqtq3viv_0000
model_data -9.93853,-4.5805,4.19405,-0.68659,-1.99368,20.59874,17.28471,27.91082,2.97514,3.91936,291.65662,30.96089,225.88035,49.8742,0.3,0.3,0.0,0.0,0.0,0.0,0.0,0.0,0.02857,0,0,0.29739,-25.15999,6.83366,0.0,0.0,0.0,0.0,0.0,0.0
human_score 0.02857142857142857
wins_total 1/35
g1_num_particles 100000
g2_num_particles 100000

Image Creator Information
param_2 400 400 800 400
param_2 400 400 800 400
param_2 400 400 800 400
param_2 400 400 800 400
