SPAM Particle Information
sdss_name 587722984435351614
generation 0
run_number 1038
model_name 1rmwhesgppsccdaclmih_0002
model_data -9.93853,-4.5805,13.21917,-3.01121,-1.98496,6.44104,25.46789,17.40747,4.22858,3.7638,296.64799,30.67182,223.47991,123.96854,0.3,0.3,0.0,0.0,0.0,0.0,0.0,0.0,0.02857,0,0,0.29111,-3.71999,5.16339,0.0,0.0,0.0,0.0,0.0,0.0
human_score 0.02857142857142857
wins_total 1/35
g1_num_particles 100000
g2_num_particles 100000

Image Creator Information
param_2 400 400 800 399
param_2 400 400 800 399
param_2 400 400 800 399
param_2 400 400 800 399
