SPAM Particle Information
sdss_name 587722984435351614
generation 0
run_number 1045
model_name 1rzodrgasif1c31ih2j2_0028
model_data -9.93853,-4.5805,10.72493,-2.41985,-2.69681,-2.60998,29.04739,25.99043,1.48859,4.88609,294.02788,20.09906,41.93949,295.7218,0.3,0.3,0.0,0.0,0.0,0.0,0.0,0.0,0.02857,0,0,0.18548,-1.64,5.67284,0.0,0.0,1.0,0.0,0.0,0.0
human_score 0.02857142857142857
wins_total 1/35
g1_num_particles 100000
g2_num_particles 100000

Image Creator Information
param_2 400 400 800 399
param_2 400 400 800 399
param_2 400 400 800 399
param_2 400 400 800 399
