SPAM Particle Information
sdss_name 587722984435351614
generation 0
run_number 1047
model_name 1surymtmhuxnpb8gsjf6_0003
model_data -9.93853,-4.5805,-1.71483,-1.38056,0.28841,6.73122,20.18606,26.29487,3.6105,6.34344,314.125,21.73016,62.60869,58.35108,0.3,0.3,0.0,0.0,0.0,0.0,0.0,0.0,0.02857,0,0,0.65332,-23.11999,4.03793,0.0,1.0,1.0,0.0,0.0,0.0
human_score 0.02857142857142857
wins_total 1/35
g1_num_particles 100000
g2_num_particles 100000

Image Creator Information
param_2 400 400 800 400
param_2 400 400 800 400
param_2 400 400 800 400
param_2 400 400 800 400
