SPAM Particle Information
sdss_name 587722984435351614
generation 0
run_number 1052
model_name 2lk6p1thy4phr76pjnw_0004
model_data -9.93853,-4.5805,9.10595,-0.63364,-0.18349,0.232,23.09366,19.62719,3.52885,3.32937,293.58534,37.5895,324.30459,238.31953,0.3,0.3,0.0,0.0,0.0,0.0,0.0,0.0,0.02857,0,0,42.56574,-6.06,0.26812,0.0,0.0,0.0,0.0,0.0,0.0
human_score 0.02857142857142857
wins_total 1/35
g1_num_particles 100000
g2_num_particles 100000

Image Creator Information
param_2 400 400 800 399
param_2 400 400 800 399
param_2 400 400 800 399
param_2 400 400 800 399
