SPAM Particle Information
sdss_name 587722984435351614
generation 0
run_number 1055
model_name somojjt0wkvc7dsxxfi_0007
model_data -9.93853,-4.5805,24.83392,-2.8659,-2.9698,2.42507,17.64259,17.79447,4.68618,2.92936,298.68285,39.09451,34.61614,117.08197,0.3,0.3,0.0,0.0,0.0,0.0,0.0,0.0,0.02777,0,0,0.00523,0.0,27.25633,0.0,0.0,1.0,0.0,0.0,0.0
human_score 0.027777777777777776
wins_total 1/36
g1_num_particles 100000
g2_num_particles 100000

Image Creator Information
param_2 400 400 800 399
param_2 400 400 800 399
param_2 400 400 800 399
param_2 400 400 800 399
