SPAM Particle Information
sdss_name 587722984435351614
generation 0
run_number 1056
model_name qsw161q205in1ltlx74_0005
model_data -9.93853,-4.5805,18.20704,-2.79056,-2.21829,-2.95455,31.04727,21.9228,3.18182,4.17464,296.88136,25.87663,42.16714,301.97284,0.3,0.3,0.0,0.0,0.0,0.0,0.0,0.0,0.02777,0,0,0.26513,-1.9,4.13306,0.0,0.0,0.0,0.0,0.0,0.0
human_score 0.027777777777777776
wins_total 1/36
g1_num_particles 100000
g2_num_particles 100000

Image Creator Information
param_2 400 400 800 399
param_2 400 400 800 399
param_2 400 400 800 399
param_2 400 400 800 399
