SPAM Particle Information
sdss_name 587722984435351614
generation 0
run_number 1057
model_name qz3mnv035i7ey52thu0_0008
model_data -9.93853,-4.5805,-3.89774,-2.22959,0.88564,-6.79616,27.43392,31.09471,3.97873,4.5428,309.625,34.0,39.23076,161.53846,0.3,0.3,0.0,0.0,0.0,0.0,0.0,0.0,0.02777,0,0,0.31644,-21.97999,7.15327,0.0,1.0,0.0,0.0,0.0,0.0
human_score 0.027777777777777776
wins_total 1/36
g1_num_particles 100000
g2_num_particles 100000

Image Creator Information
param_2 400 400 800 399
param_2 400 400 800 399
param_2 400 400 800 399
param_2 400 400 800 399
