SPAM Particle Information
sdss_name 587722984435351614
generation 0
run_number 1068
model_name 33hrks83owmaiezgffg_0004
model_data -9.93853,-4.5805,18.89929,-1.98559,-3.14407,-8.93797,20.04236,23.65758,3.48459,4.41217,306.34204,29.7351,305.59978,54.80492,0.3,0.3,0.0,0.0,0.0,0.0,0.0,0.0,0.02777,0,0,0.15317,-2.29999,5.39298,0.0,1.0,1.0,0.0,0.0,0.0
human_score 0.027777777777777776
wins_total 1/36
g1_num_particles 100000
g2_num_particles 100000

Image Creator Information
param_2 400 400 800 399
param_2 400 400 800 399
param_2 400 400 800 399
param_2 400 400 800 399
