SPAM Particle Information
sdss_name 587722984435351614
generation 0
run_number 1070
model_name v3iwptkwn8pjjwyg9xm_0001
model_data -9.93853,-4.5805,-8.99961,-0.53314,-2.74123,9.82984,35.21595,26.05778,3.74509,3.08096,308.20096,20.09735,47.51823,59.27667,0.3,0.3,0.0,0.0,0.0,0.0,0.0,0.0,0.02777,0,0,0.18379,-24.15999,7.5989,0.0,0.0,1.0,1.0,0.0,0.0
human_score 0.027777777777777776
wins_total 1/36
g1_num_particles 100000
g2_num_particles 100000

Image Creator Information
param_2 400 400 800 399
param_2 400 400 800 399
param_2 400 400 800 399
param_2 400 400 800 399
