SPAM Particle Information
sdss_name 587722984435351614
generation 0
run_number 1076
model_name r1nud7ak92gu88kb7mv_0002
model_data -9.93853,-4.5805,20.52339,0.96543,-2.70533,20.59874,20.82059,20.42122,3.83863,4.08992,309.21572,24.90696,143.7106,57.60032,0.3,0.3,0.0,0.0,0.0,0.0,0.0,0.0,0.02777,0,0,0.03927,-3.53999,13.12163,0.0,0.0,0.0,0.0,0.0,0.0
human_score 0.027777777777777776
wins_total 1/36
g1_num_particles 100000
g2_num_particles 100000

Image Creator Information
param_2 400 400 800 399
param_2 400 400 800 399
param_2 400 400 800 399
param_2 400 400 800 399
