SPAM Particle Information
sdss_name 587722984435351614
generation 0
run_number 1077
model_name qrc91grgvyhe04xmz6e_0004
model_data -9.93853,-4.5805,24.47613,-1.79097,0.65653,8.86475,23.28039,20.76247,3.90675,3.88586,299.42927,38.1698,231.87198,242.70253,0.3,0.3,0.0,0.0,0.0,0.0,0.0,0.0,0.02777,0,0,0.19398,-4.83999,5.90378,0.0,0.0,0.0,0.0,0.0,0.0
human_score 0.027777777777777776
wins_total 1/36
g1_num_particles 100000
g2_num_particles 100000

Image Creator Information
param_2 400 400 800 399
param_2 400 400 800 399
param_2 400 400 800 399
param_2 400 400 800 399
