SPAM Particle Information
sdss_name 587722984435351614
generation 0
run_number 1091
model_name 1s90y5wi8x16gyrd6b6e_0003
model_data -9.93853,-4.5805,-20.30832,-1.86511,-0.2255,-7.41408,17.58827,10.7616,4.26023,4.25005,296.56563,25.56289,308.43098,120.73728,0.3,0.3,0.0,0.0,0.0,0.0,0.0,0.0,0.0,0,0,0.92306,-4.67999,2.12013,0.0,0.0,1.0,0.0,0.0,0.0
human_score 0.0
wins_total 0/36
g1_num_particles 100000
g2_num_particles 100000

Image Creator Information
param_2 400 400 800 399
param_2 400 400 800 399
param_2 400 400 800 399
param_2 400 400 800 399
