SPAM Particle Information
sdss_name 587722984435351614
generation 0
run_number 1094
model_name 1rbrgxig90gf19q1c5rj_0019
model_data -9.93853,-4.5805,24.63837,-1.96299,-2.78809,20.59874,33.39629,31.53319,3.38144,4.78885,286.31802,29.28873,54.85714,29.72477,0.3,0.3,0.0,0.0,0.0,0.0,0.0,0.0,0.0,0,0,0.16446,-29.11999,7.30168,0.0,1.0,1.0,0.0,0.0,0.0
human_score 0.0
wins_total 0/36
g1_num_particles 100000
g2_num_particles 100000

Image Creator Information
param_2 400 400 800 399
param_2 400 400 800 399
param_2 400 400 800 399
param_2 400 400 800 399
