SPAM Particle Information
sdss_name 587722984435351614
generation 0
run_number 1165
model_name 1u0tl07v7k9ivm8nx4nl_0015
model_data -9.93853,-4.5805,3.40645,0.57692,-0.14405,-9.2635,27.28613,28.72888,3.70553,4.45584,303.45227,20.57347,215.86528,235.82528,0.3,0.3,0.0,0.0,0.0,0.0,0.0,0.0,0.0,0,0,28.07571,-19.53999,0.36833,0.0,0.0,1.0,0.0,0.0,0.0
human_score 0.0
wins_total 0/35
g1_num_particles 100000
g2_num_particles 100000

Image Creator Information
param_2 400 400 800 399
param_2 400 400 800 399
param_2 400 400 800 399
param_2 400 400 800 399
