SPAM Particle Information
sdss_name 587722984435351614
generation 0
run_number 1244
model_name p7esl68433sy7uh4fd6_0011
model_data -9.93853,-4.5805,24.36826,-1.77542,-2.1336,-1.23803,13.7979,27.79431,2.90239,3.6455,302.07028,29.77452,316.10536,310.29557,0.3,0.3,0.0,0.0,0.0,0.0,0.0,0.0,0.0,0,0,0.18802,-2.67999,4.59141,0.0,1.0,0.0,0.0,0.0,0.0
human_score 0.0
wins_total 0/34
g1_num_particles 100000
g2_num_particles 100000

Image Creator Information
param_2 400 400 800 399
param_2 400 400 800 399
param_2 400 400 800 399
param_2 400 400 800 399
