SPAM Particle Information
sdss_name 587722984435351614
generation 0
run_number 1272
model_name qvuj65hwzxprg96kf92_0006
model_data -9.93853,-4.5805,21.75263,1.74406,0.79267,9.40969,26.12339,28.32531,3.10788,3.75509,295.91673,32.8684,128.10381,236.30221,0.3,0.3,0.0,0.0,0.0,0.0,0.0,0.0,0.0,0,0,0.02743,-2.15999,14.39503,0.0,0.0,1.0,0.0,0.0,0.0
human_score 0.0
wins_total 0/34
g1_num_particles 100000
g2_num_particles 100000

Image Creator Information
param_2 400 400 800 399
param_2 400 400 800 399
param_2 400 400 800 399
param_2 400 400 800 399
