SPAM Particle Information
sdss_name 587722984435351614
generation 0
run_number 1280
model_name 10f6mxzf5naa6890gl_0000
model_data -9.93853,-4.5805,6.99414,0.53385,1.33319,-6.39112,18.65719,20.58098,4.388,3.89012,297.30146,19.67198,314.4823,296.41924,0.3,0.3,0.0,0.0,0.0,0.0,0.0,0.0,0.0,0,0,0.02997,-0.59999,11.58238,0.0,0.0,0.0,0.0,0.0,0.0
human_score 0.0
wins_total 0/34
g1_num_particles 100000
g2_num_particles 100000

Image Creator Information
param_2 400 400 799 399
param_2 400 400 799 399
param_2 400 400 799 399
param_2 400 400 799 399
