0.682253
0.635288
0.574706
0.561929
0.525612
0.575131
0.618507
0.626719
0.595043
0.709315
0.606577
0.560431
0.614656
0.653003
0.553484
0.654987
0.537594
0.595678
0.646521
0.688553
0.621404
0.636396
0.416848
0.700196
0.626642
0.535021
0.631796
0.634477
0.621480
0.623740
0.681091
0.625102
0.588192
0.549055
0.666413
0.666515
0.716090
0.537556
0.595455
0.636272
0.670648
0.589060
0.661123
0.578203
0.560954
0.674009
0.481728
0.635645
0.427451
0.591384
0.765488
0.594262
0.699486
0.534656
0.634033
0.670849
0.512228
0.657262
0.535999
0.518670
0.502190
0.471314
0.535544
0.700064
0.586567
0.750966
0.603531
0.628888
0.548558
0.671242
0.667505
0.759619
0.608365
0.708997
0.625991
0.415471
0.506944
0.621712
0.677734
0.786084
0.678908
0.591498
0.512805
0.438991
0.601535
0.567169
0.741432
0.690194
0.682695
0.747055
0.546813
0.653032
0.636962
0.745549
0.434889
0.445335
0.513063
0.748859
0.477481
0.624595
0.556459
0.770427
0.516365
0.792430
0.564572
0.756919
0.740940
0.717572
0.498071
0.718637
0.493964
0.674500
0.791849
0.636031
0.494380
0.729703
0.857871
0.577047
0.762729
0.421521
0.763437
0.422137
0.438566
0.766377
0.809481
0.821272
0.514500
0.612010
0.596925
0.822954
0.592970
0.701308
0.539562
0.510604
0.712751
0.542170
0.634405
0.682832
0.501477
0.768983
0.448589
0.429694
0.584921
0.694841
0.602973
0.390295
0.618582
0.770964
0.665742
0.857132
0.764355
0.537296
0.505095
0.528791
0.800946
0.730031
0.356790
0.854633
0.809033
0.648511
0.655921
0.765370
0.359866
0.463665
0.784846
0.751483
0.493999
0.665609
0.656393
0.656030
0.613585
0.465583
0.518183
0.605189
0.598939
0.691682
0.811864
0.422869
0.361624
0.489751
0.565145
0.554092
0.816032
0.868337
0.445378
0.735443
0.683943
0.747993
0.669079
0.815319
0.632112
0.546142
0.741509
0.562348
0.631410
0.484634
0.657821
0.650075
0.776053
0.820295
0.452494
0.416631
0.480413
0.759296
0.797532
0.855900
0.939342
0.854789
0.754949
0.840863
0.670607
0.650872
0.355529
0.522008
0.753809
0.692375
0.734014
0.723880
0.790677
0.567458
0.506164
0.844222
0.480323
0.827372
0.990078
0.695475
0.960344
0.736062
0.518604
0.574059
0.767428
0.641220
0.656557
0.896519
0.949574
0.979412
0.842186
0.559520
0.760080
0.748179
0.852089
0.769060
0.859138
0.829863
0.992527
0.484173
0.738600
0.981083
0.493473
0.947505
0.727944
0.657564
0.936889
0.791975
0.839582
0.968052
0.658042
0.965081
0.967305
0.911614
0.877156
0.477807
0.936338
0.874220
0.965073
0.659703
0.610790
0.379645
0.986480
0.985478
0.990081
0.988029
0.963762
0.951743
0.989457
0.851900
0.978767
0.684896
0.932295
0.969600
0.639997
0.417040
0.345366
0.786111
0.974833
0.901604
0.982132
0.436837
0.923561
0.933295
0.984611
0.529976
0.735748
0.920782
0.762305
0.954646
0.958917
0.954482
0.382831
0.533754
0.734613
0.968266
0.953974
0.466142
0.976195
0.978312
0.981002
0.392818
0.752223
0.485804
0.441951
0.406670
0.672791
0.929801
0.831845
0.685851
0.839198
0.370476
0.624626
0.982056
0.946113
0.882333
0.985723
0.975677
0.971318
0.736097
0.970152
0.457902
0.907424
0.864084
0.428887
0.952018
0.694336
0.927550
0.773067
0.987295
0.983534
0.974457
0.945740
0.819057
0.862182
0.963789
0.985379
0.969257
0.992479
0.950357
0.946974
0.979261
0.943618
0.962193
0.900988
0.594266
0.471621
0.986658
0.934293
0.978212
0.414113
0.943243
0.976848
0.953861
0.980631
0.811690
0.955472
0.676891
0.917760
0.874174
0.946154
0.965126
0.980829
0.621191
0.783513
0.943316
0.979395
0.957575
0.945052
0.928422
0.984588
0.260881
0.822425
0.978874
0.449677
0.988942
0.510616
0.946835
0.963694
0.973875
0.990571
0.977611
0.975249
0.977128
0.629523
0.919450
0.556732
0.989206
0.984331
0.980676
0.886005
0.982719
0.985019
0.981542
0.969550
0.418539
0.970418
0.985466
0.930162
0.944188
0.781939
0.467878
0.394437
0.969083
0.973130
0.958380
0.749862
0.981808
0.974580
0.961647
0.967483
0.715024
0.939996
0.963272
0.994121
0.283813
0.982169
0.851331
0.968274
0.971251
0.994739
0.979452
0.990174
0.936595
0.935887
0.781082
0.980059
0.932472
0.987746
0.931894
0.804000
0.986569
0.983516
0.966562
0.929778
0.941594
0.963675
0.927179
0.969286
0.886835
0.974217
0.953585
0.369532
0.861379
0.980799
0.961526
0.909531
0.697536
0.648405
0.909147
0.323402
0.984948
0.952290
0.932513
0.964043
0.982396
0.978697
0.962891
0.517764
0.977830
0.963332
0.949900
0.753111
0.967360
0.722936
0.995205
0.895290
0.972932
0.969339
0.967757
0.919366
0.965482
0.981129
0.974191
0.974255
0.359304
0.879831
0.975641
0.974796
0.979331
0.930715
0.959214
0.848041
0.967802
0.679312
0.962350
0.889210
0.985475
0.679336
0.970735
0.829965
0.990393
0.984596
0.925186
0.967128
0.969029
0.888520
0.988277
0.965213
0.987271
0.962764
0.971097
0.976482
0.969458
0.931020
0.293138
0.970682
0.954145
0.963599
0.627523
0.963966
0.982267
0.986208
0.974099
0.899192
0.982015
0.907662
0.943429
0.929905
0.888075
0.987795
0.981147
0.979231
0.983076
0.983458
0.971709
0.336839
0.932095
0.989672
0.970338
0.963449
0.958399
0.876830
0.676050
0.972512
0.934031
0.932438
0.958867
0.925542
0.967023
0.957373
0.973338
0.976360
0.396649
0.990804
0.979615
0.975845
0.962780
0.960678
0.981443
0.971262
0.888460
0.990124
0.984758
0.790362
0.957147
0.985167
0.962539
0.828975
0.964642
0.912524
0.963908
0.952165
0.952250
0.988375
0.881463
0.935480
0.856556
0.829843
0.989702
0.556468
0.943497
0.975752
0.962526
0.922739
0.952202
0.718241
0.296652
0.945332
0.918838
0.969235
0.968805
0.354318
0.937301
0.558933
0.949194
0.977355
0.993775
0.974695
0.863635
0.971182
0.907963
0.966853
0.966006
0.938337
0.618981
0.945706
0.805363
0.957876
0.978987
0.981244
0.986184
0.957525
0.980306
0.944670
0.978565
0.679725
0.945656
0.965808
0.980272
0.919844
0.990381
0.953866
0.965895
0.967336
0.955685
0.981825
0.985069
0.846377
0.985642
0.754295
0.968203
0.963884
0.944561
0.963296
0.269948
0.879133
0.995553
0.919789
0.837784
0.942774
0.928427
0.967682
0.853201
0.950091
0.389667
0.973588
0.993729
0.826944
0.957774
0.751720
0.993959
0.987949
0.974742
0.941660
0.950298
0.947121
0.979544
0.964388
0.990909
0.921638
0.988368
0.956363
0.956291
0.965640
0.976397
0.380401
0.971762
0.953875
0.932313
0.971801
0.972965
0.972056
0.968317
0.967951
0.963319
0.957168
0.879130
0.965527
0.941856
0.971648
0.927537
0.976200
0.974223
0.964291
0.934397
0.947948
0.943967
0.959986
0.889908
0.978135
0.969507
0.990088
0.929734
0.546147
0.971361
0.515684
0.992973
0.964838
0.965141
0.968264
0.968374
0.940817
0.805066
0.854153
0.970947
0.960350
0.969600
0.990968
0.582090
0.839058
0.497101
0.809869
0.777015
0.964608
0.979707
0.976624
0.993647
0.943843
0.955690
0.689251
0.975229
0.974681
0.975185
0.976189
0.945978
0.991084
0.927882
0.950491
0.977757
0.954887
0.805008
0.933971
0.967102
0.966892
0.955068
0.977426
0.961497
0.986038
0.986693
0.911176
0.324039
0.994867
0.973066
0.861539
0.988778
0.979528
0.973007
0.975730
0.959616
0.953912
0.981213
0.976436
0.970713
0.968877
0.940996
0.899160
0.995136
0.988397
0.961559
0.990977
0.972527
0.965863
0.975737
0.977046
0.977038
0.961736
0.981939
0.986862
0.951896
0.955365
0.993073
0.936529
0.827618
0.971925
0.712912
0.979603
0.955696
0.975587
0.973415
0.951982
0.972057
0.922210
0.956681
0.958329
0.986718
0.956028
0.954891
0.976840
0.903206
0.910891
0.941378
0.980779
0.989104
0.964427
0.848174
0.780613
0.876967
0.970183
0.965697
0.981987
0.978316
0.883651
0.969768
0.989729
0.993092
0.966842
0.982915
0.955816
0.975768
0.685778
0.986258
0.993516
0.452916
0.808494
0.965149
0.952936
0.906858
0.791803
0.950133
0.976729
0.987539
0.884338
0.924126
0.661882
0.968408
0.975802
0.987624
0.984772
0.945716
0.971221
0.939386
0.977233
0.975470
0.981715
0.970676
0.975719
0.976987
0.703534
0.988621
0.911822
0.990666
0.871750
0.866047
0.980254
0.988856
0.951435
0.906954
0.952904
0.981470
0.936941
0.713364
0.947539
0.981157
0.981610
0.980135
0.995043
0.963944
0.774027
0.978210
0.925722
0.959215
0.958719
0.963527
0.979952
0.993300
0.984584
0.989979
0.980249
0.982467
0.930030
0.986414
0.982655
0.956994
0.988710
0.988375
0.341816
0.970034
0.336701
0.750263
0.930695
0.864958
0.979931
0.931122
0.885878
0.982965
0.970785
0.922014
0.991943
0.967469
0.949167
0.986103
0.831999
0.964487
0.928418
0.894164
0.980808
0.980700
0.356483
0.952939
0.978691
0.944021
0.946373
0.909208
0.974260
0.915900
0.326657
0.974845
0.967050
0.986223
0.992927
0.958084
0.987882
0.967589
0.943906
0.656685
0.854164
0.967539
0.975968
0.893879
0.957352
0.919928
0.868698
0.979130
0.933636
0.993556
0.919371
0.984866
0.989847
0.975625
0.984727
0.884362
0.954445
0.979886
0.968968
0.981039
0.828363
0.945015
0.914735
0.953250
0.983567
0.951818
0.973699
0.944339
0.927989
0.939922
0.972102
0.976461
0.974738
0.976015
0.962661
0.883794
0.978508
0.978462
0.944140
0.989738
0.989657
0.862531
0.923385
0.944415
0.946565
0.979399
0.985640
0.979955
0.978021
0.982382
0.981817
0.979669
0.980675
0.971983
0.964590
0.975982
0.985484
0.872456
0.947800
0.985478
0.956019
0.968681
0.968899
0.974348
0.939801
0.950792
0.973456
0.932859
0.960232
0.988720
0.994468
0.834333
0.881447
0.331780
0.985548
0.819963
0.859479
0.985533
0.933096
0.993930
0.950471
0.961924
0.979402
0.929744
0.952994
0.981217
0.949639
0.970198
0.961532
0.927206
0.963175
0.946285
0.975350
0.984609
0.915365
0.974214
0.928202
0.953852
0.971894
0.950554
0.972326
0.966991
0.968559
0.964246
0.985270
0.912840
0.958063
0.982534
0.972558
0.926833
0.983593
0.944877
0.949373
0.953503
0.990339
0.954870
0.894114
0.708851
0.959072
0.889212
0.926724
0.981222
0.980424
0.982047
0.967875
0.988760
0.511109
0.969893
0.973011
0.974577
0.947513
0.969389
0.967780
0.936497
0.978777
0.890417
0.968399
0.986931
0.989081
0.827649
0.710584
0.932811
0.958378
0.941148
0.965529
0.925065
0.918346
0.983626
0.855055
0.967136
0.973408
0.970505
0.970197
0.987614
0.982162
0.977198
0.979034
0.962431
0.975489
0.983586
0.980794
0.981431
0.980962
0.972105
0.977798
0.839928
0.966842
0.980813
0.979450
0.506345
0.988568
0.774615
0.931053
0.978638
0.994972
0.886587
0.948148
0.989067
0.918871
0.847162
0.972706
0.975431
0.904027
0.969805
0.972789
0.957372
0.979801
0.979600
0.979532
0.966775
0.964067
0.930712
0.995683
0.980096
0.976172
0.979947
0.909377
0.955145
0.986463
0.985942
0.988722
0.988604
0.988071
0.934794
0.701029
0.966672
0.919147
0.909401
0.988150
0.850827
0.940227
0.988732
0.959262
0.983102
0.983110
0.950891
0.952419
0.961845
0.980667
0.993278
0.983938
0.961600
0.969474
0.978924
0.919979
0.929477
0.993303
0.736651
0.994815
0.541021
0.995257
0.965166
0.896338
0.922579
0.919747
0.961333
0.986066
0.984154
0.956324
0.972367
0.972444
0.973832
0.937901
0.986809
0.895112
0.938063
0.969473
0.867622
0.975354
0.963608
0.944345
0.978750
0.962298
0.967352
0.959293
0.962536
0.982218
0.981378
0.980314
0.950274
0.981421
0.980994
0.974323
0.977682
0.942365
0.987126
0.989088
0.986936
0.981005
0.984281
0.929559
0.982900
0.968690
0.983353
0.956250
0.882404
0.982527
0.873904
0.823977
0.963653
0.925635
0.963316
0.967576
0.976568
0.938928
0.971460
0.813226
0.932495
0.960921
0.989844
0.963861
0.967880
0.955651
0.559818
0.960817
0.913277
0.965936
0.963255
0.975763
0.962502
0.902439
0.978708
0.974894
0.966978
0.993500
0.921742
0.319976
0.991601
0.911491
0.460625
0.984167
0.990979
0.984290
0.991775
0.963380
0.928115
0.971505
0.927685
0.861582
0.971734
0.970094
0.974996
0.981091
0.952716
0.978965
0.977193
0.969211
0.949964
0.973537
0.919131
0.978257
0.972066
0.981318
0.973923
0.982199
0.986891
0.944301
0.948642
0.967883
0.989585
0.969736
0.707651
0.961919
0.980423
0.969275
0.981887
0.970891
0.973707
0.979322
0.980692
0.980172
0.982489
0.974519
0.887512
0.987777
0.987686
0.973887
0.984695
0.981176
0.978647
0.971872
0.968337
0.913047
0.953086
0.950018
0.865623
0.989147
0.968484
0.954116
0.937915
0.954563
0.969675
0.957174
0.939235
0.343683
0.988911
0.868672
0.959536
0.965652
0.911409
0.948020
0.975632
