0.792978
0.743944
0.726213
0.719694
0.687624
0.728361
0.762791
0.766358
0.742196
0.821099
0.788247
0.722885
0.763093
0.808760
0.743442
0.788784
0.722001
0.746483
0.792255
0.800800
0.756129
0.759666
0.646262
0.799622
0.778480
0.678159
0.744516
0.793071
0.754041
0.737246
0.830040
0.779903
0.737414
0.683489
0.773737
0.794365
0.828987
0.689489
0.731541
0.779959
0.783218
0.724808
0.796808
0.737925
0.722354
0.773988
0.684319
0.783105
0.593206
0.695510
0.867980
0.743781
0.831002
0.718050
0.763568
0.784938
0.650933
0.792018
0.740253
0.689417
0.716123
0.585281
0.695217
0.800840
0.743333
0.810183
0.708841
0.771938
0.633521
0.782405
0.791486
0.864166
0.737789
0.828733
0.765849
0.646756
0.647091
0.765215
0.736771
0.865898
0.798282
0.774658
0.649719
0.617083
0.759249
0.697476
0.848665
0.813874
0.767132
0.835665
0.641160
0.762846
0.755760
0.866516
0.600822
0.588855
0.650464
0.844521
0.629369
0.751588
0.672839
0.841098
0.648395
0.863444
0.739130
0.871645
0.849082
0.817871
0.611536
0.819655
0.600768
0.761386
0.872549
0.773384
0.633696
0.844384
0.916916
0.705282
0.861300
0.559270
0.861738
0.586570
0.607778
0.870473
0.858415
0.909722
0.602068
0.742908
0.720661
0.902894
0.670479
0.818192
0.705367
0.646707
0.870038
0.686781
0.747318
0.817901
0.620639
0.883153
0.602998
0.607485
0.738928
0.784045
0.781379
0.575860
0.765225
0.874218
0.759252
0.913720
0.866795
0.659956
0.667802
0.675308
0.883983
0.823604
0.478013
0.916765
0.895156
0.735759
0.774725
0.866116
0.572274
0.595769
0.878652
0.828945
0.656703
0.793766
0.784270
0.782293
0.769006
0.674710
0.669717
0.758181
0.725719
0.820488
0.885629
0.559985
0.543341
0.590841
0.696074
0.706182
0.898570
0.916367
0.513125
0.848785
0.789383
0.849876
0.787081
0.901987
0.772277
0.705176
0.854985
0.722529
0.749368
0.620409
0.784661
0.776240
0.871038
0.894983
0.619657
0.555707
0.568119
0.850403
0.882070
0.917009
0.975685
0.906776
0.865426
0.925136
0.814369
0.783964
0.473596
0.684327
0.868599
0.827395
0.842390
0.841779
0.900317
0.714533
0.577511
0.913675
0.641995
0.894317
0.998311
0.798472
0.985285
0.840072
0.617735
0.758486
0.822933
0.786869
0.782851
0.921353
0.974363
0.994844
0.917712
0.725523
0.845236
0.834650
0.905701
0.879261
0.916929
0.918181
0.998652
0.642803
0.855503
0.995430
0.678098
0.978936
0.837624
0.788924
0.970155
0.888284
0.913074
0.990436
0.782772
0.986434
0.989830
0.954120
0.942718
0.661452
0.973277
0.935681
0.985104
0.791631
0.725042
0.592055
0.997940
0.995893
0.998338
0.997305
0.987586
0.983111
0.997648
0.916764
0.992064
0.819468
0.969351
0.990142
0.775470
0.586589
0.443332
0.889277
0.993313
0.954400
0.995757
0.554279
0.962390
0.969980
0.995464
0.678169
0.821894
0.956614
0.870483
0.978694
0.983298
0.980197
0.508473
0.678124
0.837829
0.989532
0.983753
0.617747
0.992025
0.991272
0.995598
0.591659
0.863837
0.662533
0.596008
0.539924
0.812379
0.969457
0.906685
0.811413
0.918507
0.507800
0.766664
0.996082
0.972099
0.941884
0.996926
0.991814
0.989792
0.868482
0.990741
0.581690
0.975145
0.931021
0.599625
0.983102
0.817382
0.965934
0.863297
0.997719
0.995875
0.993427
0.973538
0.898553
0.927051
0.985067
0.997331
0.990164
0.998023
0.978063
0.980618
0.994197
0.973618
0.982717
0.956787
0.725923
0.641531
0.996590
0.976639
0.993850
0.518430
0.975512
0.994847
0.981441
0.995062
0.902346
0.982532
0.807293
0.960637
0.934039
0.974544
0.989021
0.995274
0.745804
0.882513
0.972367
0.994479
0.985777
0.979710
0.971760
0.997630
0.467168
0.897696
0.995313
0.579292
0.997760
0.636161
0.974435
0.985456
0.992770
0.998353
0.993583
0.990573
0.993019
0.747877
0.964407
0.711137
0.997891
0.996815
0.995403
0.992019
0.995440
0.997045
0.994609
0.991604
0.559064
0.990162
0.996310
0.974285
0.979709
0.861556
0.607966
0.513433
0.987238
0.991063
0.982788
0.852293
0.995688
0.991702
0.981626
0.991280
0.808136
0.976469
0.987670
0.998865
0.448999
0.994380
0.907762
0.990848
0.992008
0.999104
0.995428
0.998045
0.972437
0.971509
0.882061
0.993744
0.965092
0.996587
0.966532
0.880089
0.996301
0.997092
0.990295
0.972428
0.973149
0.982547
0.963772
0.989836
0.945937
0.994102
0.980956
0.543629
0.923517
0.994261
0.983505
0.952924
0.799215
0.748812
0.953375
0.510434
0.997207
0.980679
0.965700
0.987195
0.996023
0.992797
0.987292
0.600418
0.993880
0.985878
0.972779
0.858140
0.989061
0.817177
0.999329
0.952721
0.992615
0.989666
0.987712
0.961009
0.988284
0.994082
0.991098
0.989144
0.483587
0.944396
0.995708
0.995091
0.993552
0.969633
0.986967
0.924448
0.990207
0.796394
0.982894
0.948829
0.996215
0.821397
0.990548
0.898923
0.998595
0.996702
0.951172
0.988056
0.992259
0.940897
0.996982
0.987575
0.997189
0.984583
0.990675
0.992923
0.990830
0.975133
0.416393
0.990454
0.983134
0.988414
0.787646
0.985303
0.995911
0.996518
0.989762
0.953586
0.994983
0.962935
0.974064
0.967853
0.939398
0.996981
0.994998
0.994259
0.996273
0.996594
0.990830
0.497383
0.969806
0.998190
0.987156
0.986509
0.982744
0.936737
0.832042
0.991547
0.968768
0.966292
0.983004
0.963340
0.987765
0.981221
0.991370
0.993351
0.485872
0.998345
0.993963
0.994472
0.988004
0.981929
0.995641
0.991293
0.942539
0.998095
0.995689
0.874343
0.977829
0.996753
0.985345
0.911274
0.987720
0.962669
0.986556
0.979293
0.978852
0.997353
0.934973
0.975320
0.929666
0.898004
0.995806
0.608584
0.978446
0.990867
0.982179
0.962504
0.978397
0.826786
0.378192
0.974195
0.962492
0.988264
0.991280
0.449374
0.973464
0.658738
0.982722
0.993746
0.998735
0.991524
0.932479
0.990804
0.975014
0.989536
0.987975
0.985988
0.769739
0.976112
0.873666
0.985393
0.994254
0.994362
0.996581
0.985324
0.995891
0.974463
0.995302
0.994126
0.979903
0.989429
0.994567
0.959491
0.998425
0.983502
0.987610
0.989471
0.980912
0.994149
0.997359
0.913347
0.997215
0.844823
0.988871
0.987620
0.972695
0.985157
0.405301
0.930300
0.998973
0.959335
0.889718
0.973424
0.964357
0.987483
0.922145
0.975515
0.544179
0.992498
0.999044
0.909050
0.980886
0.846591
0.998858
0.996864
0.993671
0.981755
0.977915
0.978456
0.994593
0.984707
0.999066
0.957424
0.997427
0.982455
0.979634
0.986973
0.991693
0.500515
0.991058
0.980925
0.967531
0.991286
0.992136
0.990794
0.987266
0.988908
0.988239
0.982295
0.938386
0.987534
0.972497
0.989591
0.962672
0.993800
0.989370
0.984065
0.972067
0.977829
0.977186
0.985271
0.992971
0.994177
0.995373
0.998064
0.970005
0.551480
0.989712
0.664030
0.998590
0.990031
0.985187
0.988613
0.987984
0.973996
0.874706
0.921752
0.991039
0.985000
0.990480
0.998445
0.690225
0.912207
0.521237
0.902128
0.870220
0.987807
0.994504
0.994958
0.999209
0.977875
0.986621
0.835625
0.992127
0.993319
0.992264
0.992344
0.974643
0.997523
0.961856
0.982472
0.993752
0.984636
0.882554
0.989434
0.990379
0.990659
0.983036
0.992802
0.985008
0.996384
0.996485
0.967026
0.497975
0.999524
0.990515
0.929683
0.996026
0.995360
0.991749
0.993617
0.982801
0.981650
0.993021
0.992567
0.990385
0.989182
0.963475
0.928534
0.999393
0.996524
0.987069
0.998371
0.991754
0.987072
0.991985
0.992832
0.993010
0.987413
0.994620
0.996904
0.979185
0.980889
0.998731
0.968124
0.906134
0.992324
0.812348
0.992719
0.983687
0.992007
0.991448
0.983014
0.995631
0.959791
0.981883
0.979288
0.995977
0.978490
0.984953
0.994829
0.954073
0.962616
0.974218
0.993692
0.997928
0.989765
0.922808
0.861871
0.929351
0.988860
0.988887
0.996308
0.994862
0.950317
0.991625
0.997813
0.998983
0.988037
0.996171
0.978235
0.993349
0.798811
0.997066
0.998785
0.546340
0.884268
0.987473
0.981161
0.953373
0.897820
0.978615
0.993075
0.997365
0.924734
0.966388
0.773188
0.986982
0.993532
0.996198
0.995810
0.975506
0.990198
0.980709
0.993243
0.992583
0.994706
0.990588
0.991449
0.993098
0.812632
0.997921
0.930616
0.998159
0.925801
0.929579
0.995294
0.998062
0.978495
0.951402
0.984506
0.994472
0.966021
0.793936
0.976844
0.994800
0.994444
0.993982
0.999034
0.984640
0.850682
0.994457
0.968736
0.979570
0.982411
0.989835
0.993819
0.998687
0.996681
0.998286
0.995472
0.994941
0.970766
0.996814
0.995290
0.980892
0.997249
0.996201
0.470211
0.989090
0.473846
0.857820
0.968999
0.930491
0.996102
0.967063
0.940262
0.995489
0.990956
0.960043
0.998432
0.988058
0.978240
0.996584
0.911053
0.989195
0.962630
0.994368
0.995564
0.995491
0.541104
0.980685
0.994009
0.973695
0.976712
0.961786
0.990672
0.964314
0.484169
0.992285
0.987697
0.996367
0.998428
0.982967
0.996646
0.987904
0.976362
0.766418
0.917666
0.985689
0.991855
0.947001
0.982960
0.968306
0.928308
0.997534
0.971372
0.998756
0.986216
0.996564
0.997143
0.992145
0.995446
0.937399
0.980413
0.993892
0.989925
0.994361
0.916394
0.985611
0.982841
0.979898
0.995754
0.978640
0.991141
0.975999
0.964951
0.970730
0.991533
0.991054
0.990087
0.991973
0.982948
0.940281
0.990078
0.997462
0.977587
0.997668
0.997642
0.936761
0.963813
0.978210
0.980415
0.995545
0.996057
0.994209
0.995320
0.995682
0.994915
0.994004
0.994706
0.993231
0.995221
0.994694
0.996051
0.937365
0.976641
0.996022
0.980927
0.988126
0.988368
0.991653
0.975887
0.982093
0.992353
0.973586
0.981438
0.996198
0.999448
0.906331
0.944561
0.484651
0.997305
0.893395
0.932414
0.996580
0.970922
0.998930
0.980595
0.986608
0.992507
0.969353
0.978723
0.996371
0.975429
0.988811
0.985684
0.967023
0.988181
0.974400
0.994391
0.994277
0.984394
0.990156
0.965684
0.981074
0.991133
0.978264
0.991586
0.987815
0.988073
0.988975
0.996241
0.963124
0.981806
0.995766
0.992586
0.956575
0.995782
0.972798
0.978724
0.980614
0.996592
0.981141
0.948929
0.987061
0.986533
0.994372
0.965106
0.995513
0.994146
0.995897
0.995459
0.997556
0.637473
0.991743
0.992148
0.991513
0.976541
0.990349
0.991506
0.959473
0.992440
0.951746
0.989847
0.996210
0.997438
0.903586
0.830201
0.962179
0.989083
0.977820
0.985684
0.963101
0.958458
0.995419
0.905146
0.987888
0.992369
0.991103
0.991237
0.996462
0.995937
0.993554
0.994577
0.980323
0.993745
0.995898
0.995378
0.995217
0.994832
0.995008
0.993783
0.910570
0.987267
0.995226
0.994904
0.609555
0.998112
0.871887
0.967104
0.994540
0.999342
0.936375
0.974081
0.997941
0.965787
0.918992
0.992358
0.992881
0.974360
0.990102
0.989814
0.980393
0.993536
0.994380
0.995569
0.987352
0.988957
0.966898
0.999333
0.994433
0.994820
0.994884
0.948935
0.980798
0.996349
0.996462
0.997486
0.997380
0.997313
0.973788
0.811344
0.987329
0.968804
0.951216
0.996072
0.908240
0.973610
0.998055
0.988764
0.995979
0.995953
0.978660
0.981276
0.985746
0.995452
0.998711
0.996407
0.985007
0.989940
0.992664
0.960691
0.966113
0.998840
0.832058
0.999060
0.670195
0.999304
0.987340
0.981187
0.983274
0.985721
0.988524
0.997587
0.996854
0.984619
0.991517
0.991460
0.991968
0.964217
0.997833
0.943434
0.977491
0.989455
0.918095
0.992760
0.983902
0.975341
0.994229
0.986033
0.988913
0.984004
0.981427
0.994887
0.994783
0.994656
0.994677
0.994818
0.994215
0.995390
0.992738
0.970992
0.996375
0.998086
0.997199
0.992589
0.997642
0.970662
0.994916
0.990736
0.997203
0.983399
0.932261
0.996191
0.938220
0.905661
0.982615
0.962277
0.985550
0.985910
0.992604
0.970462
0.991082
0.899394
0.970216
0.985070
0.998383
0.983483
0.993151
0.979283
0.690940
0.982632
0.962446
0.989339
0.989078
0.994158
0.988019
0.949575
0.993846
0.994115
0.982852
0.998917
0.958054
0.473961
0.998623
0.958099
0.614330
0.996811
0.998042
0.997608
0.998077
0.986087
0.965376
0.990943
0.964738
0.966864
0.991177
0.992100
0.993411
0.995774
0.971814
0.991724
0.992440
0.989739
0.978307
0.991499
0.964960
0.992637
0.992120
0.994938
0.991891
0.996053
0.996746
0.973653
0.977281
0.988746
0.997505
0.990400
0.988140
0.985425
0.995526
0.993514
0.994910
0.993702
0.994957
0.993582
0.994159
0.994257
0.994549
0.994717
0.991959
0.996615
0.996970
0.990478
0.996823
0.993625
0.994363
0.991490
0.987160
0.958363
0.983234
0.983434
0.928647
0.997975
0.991137
0.985820
0.974027
0.979669
0.986621
0.979088
0.976160
0.463317
0.998088
0.942254
0.990603
0.988385
0.948865
0.978097
0.993198
