0.619590
0.519772
0.572817
0.526664
0.439517
0.567623
0.626943
0.568991
0.598380
0.585986
0.436023
0.526474
0.620659
0.411362
0.497720
0.515282
0.594034
0.613083
0.527509
0.594622
0.451474
0.461650
0.565541
0.595868
0.624297
0.505864
0.594750
0.299045
0.536297
0.540665
0.507169
0.632261
0.588276
0.539061
0.551640
0.505307
0.422582
0.351782
0.562232
0.619749
0.491514
0.478291
0.485355
0.344743
0.526646
0.604570
0.524941
0.528084
0.383001
0.309804
0.458444
0.600683
0.347635
0.482009
0.487500
0.582363
0.527062
0.328434
0.545633
0.423782
0.534819
0.460901
0.506982
0.607250
0.479378
0.380004
0.526402
0.555513
0.439801
0.490517
0.539843
0.350195
0.414831
0.429120
0.519509
0.565480
0.473555
0.597697
0.526409
0.538920
0.350985
0.537631
0.526365
0.497445
0.448289
0.487566
0.431470
0.517703
0.577796
0.354397
0.442132
0.567030
0.409486
0.372975
0.431536
0.402636
0.527577
0.615766
0.445710
0.425325
0.575070
0.486326
0.321615
0.559511
0.483604
0.241326
0.431153
0.427316
0.398920
0.575566
0.316440
0.469157
0.482144
0.466007
0.445291
0.498151
0.438515
0.424226
0.491821
0.401545
0.632067
0.421479
0.360345
0.430286
0.613275
0.313286
0.434483
0.592700
0.496070
0.505988
0.430245
0.522939
0.505359
0.447434
0.319950
0.517045
0.497989
0.431510
0.346673
0.392114
0.456961
0.417149
0.484732
0.437381
0.522218
0.446337
0.560845
0.437634
0.322552
0.341216
0.364278
0.406367
0.406536
0.549622
0.275695
0.592856
0.295369
0.433645
0.510693
0.406063
0.412438
0.513659
0.398457
0.354016
0.441085
0.385374
0.308245
0.403528
0.425647
0.425575
0.399973
0.391401
0.442860
0.537623
0.401222
0.531894
0.419538
0.400508
0.410358
0.341378
0.565705
0.485218
0.241448
0.454115
0.402350
0.298086
0.458492
0.267627
0.358161
0.326108
0.510706
0.367132
0.466949
0.494234
0.449359
0.447952
0.425823
0.455247
0.529919
0.350275
0.373011
0.400912
0.309896
0.383586
0.575988
0.414765
0.447075
0.349835
0.368502
0.443353
0.409657
0.506231
0.295995
0.415682
0.350047
0.407896
0.394905
0.550235
0.179685
0.436402
0.418544
0.578179
0.398346
0.596096
0.366865
0.444820
0.537710
0.469464
0.408949
0.330127
0.594592
0.338165
0.425807
0.531536
0.406370
0.524026
0.473800
0.505600
0.540849
0.589008
0.446628
0.391820
0.590602
0.501063
0.246015
0.452582
0.319799
0.481493
0.477295
0.496401
0.422661
0.483641
0.514215
0.444286
0.402171
0.319578
0.425720
0.535255
0.617403
0.426328
0.408279
0.398994
0.486678
0.437181
0.577182
0.484918
0.492887
0.455023
0.325242
0.497470
0.357772
0.466763
0.443665
0.452427
0.381768
0.581496
0.374357
0.432775
0.538847
0.578953
0.427181
0.346975
0.316446
0.377329
0.437995
0.368978
0.428194
0.349981
0.560873
0.577834
0.263235
0.386073
0.572579
0.553089
0.320696
0.446114
0.434076
0.378434
0.328291
0.429844
0.431028
0.317235
0.357961
0.380352
0.509244
0.388744
0.492652
0.360810
0.346014
0.485179
0.439467
0.384197
0.408533
0.656394
0.551781
0.401373
0.469130
0.288541
0.396588
0.430383
0.417451
0.578252
0.180654
0.398246
0.421432
0.363432
0.446937
0.368322
0.602807
0.232344
0.398579
0.541029
0.481740
0.545512
0.171260
0.333381
0.586855
0.436569
0.291302
0.394437
0.545660
0.354260
0.306716
0.389332
0.497923
0.433961
0.368230
0.265022
0.453947
0.451752
0.451434
0.384592
0.386820
0.606787
0.390865
0.502046
0.309224
0.609467
0.385779
0.544856
0.481817
0.133896
0.568403
0.377120
0.562193
0.555642
0.453110
0.433690
0.496717
0.367052
0.386604
0.554258
0.535001
0.455624
0.375473
0.291277
0.275801
0.231220
0.367638
0.349609
0.243286
0.293338
0.421888
0.552941
0.538170
0.332525
0.353141
0.527897
0.431500
0.546520
0.265038
0.342944
0.534588
0.357845
0.453861
0.491889
0.651341
0.460646
0.495042
0.602316
0.334148
0.348316
0.506114
0.241663
0.417365
0.432434
0.439972
0.499342
0.307203
0.464320
0.500588
0.621787
0.413902
0.426754
0.481096
0.304180
0.420063
0.488741
0.517964
0.435111
0.244939
0.219666
0.458108
0.497992
0.471964
0.563707
0.221468
0.310952
0.366294
0.480802
0.481048
0.312995
0.451209
0.440903
0.343987
0.542403
0.563052
0.606420
0.309326
0.352282
0.413021
0.606814
0.189921
0.497946
0.459995
0.560974
0.398191
0.623136
0.433628
0.490928
0.532359
0.557479
0.589969
0.444923
0.328771
0.547711
0.304751
0.423832
0.576437
0.573575
0.462335
0.370452
0.452111
0.624211
0.304405
0.462406
0.537955
0.374401
0.409629
0.491226
0.394034
0.202403
0.262228
0.475494
0.419173
0.562413
0.561698
0.468676
0.455242
0.494208
0.553879
0.332789
0.320578
0.315954
0.645261
0.598238
0.573629
0.524661
0.368564
0.474704
0.426611
0.416823
0.322044
0.527754
0.338724
0.209022
0.445561
0.270136
0.227789
0.514197
0.416887
0.230783
0.376031
0.209290
0.439653
0.387247
0.584565
0.443424
0.345164
0.539107
0.543829
0.314074
0.397826
0.480894
0.441902
0.404019
0.395871
0.393345
0.455957
0.493662
0.334217
0.437368
0.425990
0.453711
0.271738
0.459190
0.522043
0.507189
0.601621
0.408331
0.364179
0.531493
0.376354
0.546774
0.346226
0.407356
0.483064
0.299987
0.520245
0.453778
0.496465
0.329962
0.588852
0.621795
0.313734
0.446360
0.560870
0.412202
0.271193
0.314258
0.218267
0.469777
0.392750
0.388731
0.589334
0.446172
0.437366
0.392243
0.401496
0.469426
0.566274
0.335830
0.409746
0.256256
0.202657
0.585097
0.457166
0.502864
0.643032
0.613826
0.592836
0.271172
0.370533
0.245060
0.445338
0.253338
0.325534
0.534835
0.367024
0.463952
0.493808
0.510225
0.276763
0.190079
0.552952
0.443482
0.355552
0.390115
0.191034
0.542735
0.446538
0.334879
0.543771
0.227269
0.229499
0.367270
0.451679
0.602821
0.542258
0.551534
0.630622
0.390019
0.483456
0.337573
0.338574
0.444470
0.318297
0.455884
0.453056
0.397328
0.452600
0.390393
0.340511
0.328355
0.433677
0.503642
0.540827
0.174485
0.428431
0.471342
0.304436
0.534320
0.451780
0.338071
0.407342
0.317374
0.478578
0.392170
0.476797
0.517982
0.593007
0.244596
0.587930
0.214138
0.320794
0.367713
0.256476
0.471948
0.512826
0.412571
0.582245
0.352470
0.400771
0.289903
0.387002
0.575776
0.502883
0.224275
0.544276
0.407528
0.278395
0.492878
0.466969
0.451541
0.430205
0.114266
0.523400
0.225000
0.274024
0.587656
0.598340
0.352423
0.308598
0.437533
0.437971
0.580885
0.437861
0.439232
0.336325
0.388763
0.575584
0.399228
0.553682
0.487922
0.401023
0.522729
0.433759
0.439496
0.343265
0.554004
0.350330
0.465044
0.531035
0.530966
0.445102
0.649758
0.620059
0.645626
0.227838
0.550772
0.408962
0.594081
0.384845
0.393438
0.454484
0.309437
0.500096
0.500292
0.624335
0.539256
0.355171
0.488675
0.505809
0.391264
0.300370
0.408777
0.266034
0.329022
0.440175
0.576559
0.481456
0.505294
0.457926
0.108233
0.371164
0.425364
0.501034
0.282600
0.398796
0.347927
0.572744
0.453017
0.184208
0.547905
0.326224
0.413783
0.447172
0.471393
0.334838
0.447511
0.541169
0.536018
0.266206
0.470069
0.606468
0.606579
0.117420
0.275465
-0.002690
0.219887
0.488721
0.458525
0.358578
0.357937
0.566425
0.575026
0.529008
0.341447
0.288020
0.494223
0.476277
0.507055
0.407606
0.165066
0.475810
0.390743
0.229893
0.344399
0.598357
0.275520
0.262830
0.262939
0.516244
0.456021
0.273975
0.461154
0.463120
0.178152
0.553957
0.407239
0.521563
0.365317
0.331051
0.446006
0.476889
0.533498
0.452805
0.644127
0.276033
0.485924
0.356184
0.611449
0.521847
0.401694
0.388987
0.469279
0.357429
0.460807
0.442927
0.258971
0.373950
0.294491
0.602075
0.599062
0.418652
0.398644
0.577162
0.406196
0.306859
0.455981
0.364119
0.223687
0.463232
0.315793
0.461736
0.361786
0.322867
0.521299
0.443980
0.381192
0.366777
0.481259
0.603772
0.593975
0.346036
0.492425
0.589901
0.352719
0.383109
0.399416
0.510208
0.642267
0.454860
0.398872
0.323132
0.618795
0.525444
0.631075
0.262888
0.263753
0.265220
0.437083
0.412766
0.497188
0.184161
0.253358
0.409704
0.298967
0.590617
0.388699
0.443573
0.379835
0.439747
0.353427
0.457114
0.380970
0.374540
0.510713
0.476494
0.599787
0.487525
0.515760
0.301828
0.323564
0.434842
0.511920
0.431961
0.587507
0.242635
0.373774
0.397917
0.166349
0.445076
0.345962
0.404994
0.315052
0.370027
0.439083
0.249999
0.538547
0.592715
0.458488
0.336102
0.556664
0.339285
0.415782
0.401969
0.471537
0.165323
0.598316
0.484741
0.403922
0.367687
0.560004
0.345681
0.461268
0.386290
0.455794
0.299897
0.433771
0.547437
0.431577
0.491814
0.491809
0.373138
0.499306
0.510694
0.511255
0.513179
0.452748
0.336833
0.463216
0.270565
0.530005
0.584746
0.606604
0.263639
0.511090
0.300484
0.458187
0.558833
0.462364
0.435100
0.546643
0.334008
0.531592
0.586963
0.405414
0.586706
0.518957
0.496137
0.224251
0.301060
0.320538
0.383778
0.562737
0.442377
0.388585
0.513460
0.584191
0.563416
0.225440
0.237195
0.630238
0.600464
0.445616
0.402200
0.451281
0.399254
0.471257
0.567874
0.478582
0.438010
0.237571
0.531893
0.480723
0.409022
0.469570
0.397851
0.358684
0.435057
0.207920
0.207946
0.266616
0.568673
0.323275
0.397315
0.492783
0.594058
0.528861
0.642474
0.464021
0.478798
0.584517
0.605374
0.640779
0.650484
0.650493
0.596631
0.351143
0.545604
0.198062
0.393086
0.500398
0.500242
0.429789
0.618306
0.370247
0.569619
0.409581
0.455703
0.458495
0.104724
0.431427
0.276212
0.256526
0.320613
0.364462
0.184543
0.416804
0.539826
0.224277
0.589854
0.602007
0.305783
0.539688
0.625847
0.155181
0.526681
0.519122
0.496015
0.494480
0.492315
0.326113
0.354865
0.219252
0.600341
0.483399
0.568020
0.438894
0.437265
0.433784
0.438371
0.452277
0.345013
0.475324
0.560451
0.527181
0.510985
0.349897
0.392139
0.511429
0.373022
0.524670
0.386342
0.428713
0.211619
0.497687
0.365496
0.568174
0.327657
0.431567
0.577966
0.494215
0.542841
0.492943
0.643988
0.471479
0.368923
0.419815
0.534030
0.507333
0.284016
0.400941
0.467223
0.292643
0.284983
0.569074
0.383119
0.338268
0.459678
0.488087
0.387626
0.257044
0.282776
0.437601
0.477649
0.645642
0.587808
0.418558
0.330855
0.597877
0.380867
0.362171
0.362077
0.584268
0.405931
0.340904
0.522502
0.220583
0.397322
0.304550
0.491638
0.522900
0.599835
0.651434
0.540599
0.418073
0.509498
0.357937
0.524167
0.359688
0.270400
0.528041
0.296173
0.365103
0.210255
0.517571
0.558505
0.366449
0.477498
0.548131
0.411723
0.385626
0.602813
0.461233
0.414815
0.525255
0.426645
0.481394
0.423500
0.385697
0.400392
0.528423
0.207647
0.548019
0.581306
0.593781
0.388685
0.538202
0.606511
0.606570
0.592798
0.592532
0.592850
0.455736
0.386802
0.324326
0.473218
0.571287
0.458607
0.313513
0.570741
0.379066
0.338066
0.277866
0.254024
0.430256
0.390794
0.409799
0.430276
0.224024
0.375563
0.555060
0.609729
0.305726
0.590651
0.390109
0.251134
0.113211
0.227925
0.354531
0.180838
0.598170
0.580129
0.600585
0.548204
0.425701
0.410690
0.409618
0.520135
0.437832
0.437846
0.439192
0.351406
0.347587
0.557876
0.261467
0.393585
0.332887
0.437981
0.483567
0.553167
0.408943
0.401477
0.572242
0.522280
0.515530
0.601933
0.600200
0.594416
0.656137
0.594305
0.603106
0.645078
0.456666
0.584556
0.231365
0.346194
0.219839
0.312488
0.255167
0.370006
0.363849
0.443878
0.365245
0.316492
0.412035
0.362488
0.485873
0.489269
0.464781
0.366462
0.624189
0.546185
0.499640
0.522280
0.310086
0.543915
0.564104
0.627076
0.344723
0.353162
0.480318
0.322632
0.372036
0.408403
0.335408
0.427308
0.446782
0.431229
0.494052
0.511926
0.506983
0.360908
0.429553
0.251060
0.245986
0.390874
0.262860
0.539867
0.420949
0.225945
0.459622
0.350059
0.182923
0.498317
0.567796
0.436728
0.558525
0.234044
0.437598
0.351392
0.419556
0.413328
0.390980
0.418433
0.541558
0.581691
0.386142
0.530962
0.544177
0.411499
0.464553
0.437328
0.528896
0.452508
0.467678
0.452505
0.456386
0.508717
0.219566
0.545193
0.556103
0.507274
0.500852
0.651183
0.600200
0.651023
0.652016
0.586145
0.533601
0.542077
0.593111
0.650419
0.651081
0.266884
0.450118
0.576902
0.365106
0.476417
0.512017
0.408905
0.525768
0.555567
0.475974
0.281020
0.451798
0.362810
0.417196
0.497312
0.571963
0.431072
0.407118
0.455146
0.429158
0.312204
0.270434
0.423303
0.455860
0.534051
0.519426
0.565672
0.536372
