0.078645
0.077517
0.074305
0.073507
0.035926
0.074004
0.067110
0.074783
0.082540
0.075616
0.043464
0.074805
0.092188
0.044827
0.059320
0.066489
0.076351
0.082874
0.052156
0.079097
0.037970
0.061247
0.097558
0.079836
0.085997
0.065131
0.082243
0.033647
0.071181
0.072459
0.061868
0.090146
0.119711
0.053589
0.048166
0.059251
0.050305
0.050973
0.087104
0.092893
0.064500
0.048978
0.056454
0.037181
0.073058
0.071066
0.074679
0.060645
0.118569
0.036214
0.049308
0.082612
0.040596
0.065764
0.050208
0.078933
0.061742
0.041449
0.144101
0.053575
0.075583
0.102355
0.076427
0.074539
0.078860
0.039644
0.094565
0.086537
0.076412
0.063396
0.065028
0.040506
0.068048
0.052434
0.069238
0.101024
0.098060
0.088499
0.062865
0.059528
0.037006
0.090701
0.062127
0.100302
0.062343
0.095992
0.058473
0.060983
0.059933
0.043113
0.076424
0.056798
0.071410
0.042457
0.086789
0.081498
0.062522
0.071457
0.081424
0.084367
0.055613
0.066443
0.055776
0.066379
0.066512
0.027242
0.061420
0.053455
0.097600
0.076172
0.131134
0.038109
0.060572
0.062990
0.082780
0.062990
0.048365
0.074067
0.059927
0.076819
0.076261
0.079009
0.103099
0.048405
0.076592
0.036224
0.084455
0.081753
0.088298
0.054565
0.065900
0.064051
0.084853
0.096720
0.047174
0.085619
0.067736
0.047082
0.088179
0.047739
0.057549
0.066488
0.060091
0.057812
0.067250
0.091092
0.105641
0.055236
0.029642
0.035761
0.036467
0.095136
0.100561
0.070434
0.034611
0.079649
0.113282
0.046973
0.058340
0.063439
0.042308
0.066290
0.092317
0.081907
0.043964
0.027313
0.057045
0.039229
0.066243
0.070044
0.050496
0.046089
0.070320
0.072547
0.073344
0.047011
0.049163
0.076627
0.143541
0.084738
0.063793
0.080307
0.024863
0.044855
0.111060
0.034224
0.054658
0.030107
0.060449
0.039014
0.067315
0.052262
0.058328
0.081341
0.080947
0.073605
0.068716
0.047502
0.060032
0.032797
0.082390
0.076741
0.071354
0.035437
0.079464
0.041765
0.041401
0.038565
0.041149
0.050504
0.055101
0.060142
0.112278
0.079976
0.038093
0.060036
0.050932
0.083401
0.022506
0.072048
0.084814
0.063601
0.113562
0.060933
0.032400
0.065979
0.056288
0.059732
0.073921
0.061711
0.086127
0.051201
0.068298
0.056756
0.036693
0.048210
0.053081
0.082933
0.062073
0.089883
0.048755
0.040485
0.065461
0.069725
0.021308
0.099773
0.043724
0.043418
0.077567
0.046387
0.055791
0.079989
0.056222
0.053210
0.045492
0.025888
0.068225
0.060020
0.067433
0.044693
0.039819
0.080543
0.048287
0.039171
0.064598
0.077102
0.074290
0.104762
0.028673
0.046946
0.031067
0.036468
0.046562
0.042269
0.026456
0.067139
0.031851
0.058450
0.055527
0.055228
0.080527
0.142931
0.080989
0.046318
0.033151
0.029928
0.037600
0.116536
0.062289
0.060814
0.026285
0.043987
0.080094
0.060360
0.037313
0.039041
0.038185
0.035922
0.118563
0.103795
0.067505
0.030759
0.033835
0.091679
0.042289
0.037675
0.042173
0.091833
0.042080
0.090102
0.131065
0.099676
0.054620
0.088282
0.068694
0.066026
0.054142
0.097080
0.071723
0.041459
0.041721
0.066265
0.020548
0.028439
0.036484
0.056348
0.042007
0.081078
0.062450
0.024394
0.080849
0.055976
0.055896
0.056700
0.017275
0.028874
0.053028
0.041357
0.030383
0.043063
0.065334
0.031292
0.031276
0.047279
0.036873
0.038032
0.029969
0.022220
0.040851
0.039108
0.041492
0.041622
0.118999
0.057380
0.034889
0.047185
0.121944
0.064268
0.036206
0.057072
0.043484
0.017067
0.059086
0.054244
0.053634
0.048620
0.036702
0.044665
0.047348
0.059662
0.044853
0.062397
0.056092
0.044953
0.032099
0.025139
0.021886
0.140290
0.040667
0.022325
0.153308
0.026304
0.047256
0.049110
0.051191
0.025164
0.029672
0.048918
0.033341
0.048559
0.035668
0.040260
0.082286
0.027600
0.041752
0.046991
0.096926
0.042149
0.048189
0.062238
0.030614
0.091298
0.047900
0.020573
0.040099
0.043895
0.052187
0.075320
0.131703
0.049287
0.043849
0.063143
0.050512
0.043544
0.044676
0.027332
0.039392
0.079064
0.059177
0.036642
0.021342
0.140173
0.038878
0.055506
0.059504
0.061957
0.017083
0.025555
0.032693
0.037272
0.038536
0.039717
0.043238
0.044169
0.029388
0.048907
0.051386
0.065261
0.027496
0.030586
0.041867
0.063033
0.019445
0.044515
0.043434
0.059327
0.038908
0.071516
0.050526
0.053400
0.051632
0.055463
0.053729
0.064559
0.037903
0.057207
0.114292
0.038614
0.059719
0.059183
0.048329
0.034489
0.039335
0.072688
0.098753
0.042547
0.048294
0.033589
0.052717
0.049706
0.065597
0.017670
0.022755
0.047583
0.035252
0.050825
0.061273
0.053433
0.032165
0.043189
0.050856
0.102702
0.034124
0.034125
0.082322
0.061926
0.062856
0.052189
0.041455
0.046375
0.062063
0.038579
0.029136
0.045570
0.040271
0.020147
0.053147
0.024664
0.019844
0.054154
0.036404
0.023771
0.041641
0.019404
0.036416
0.031244
0.058055
0.041023
0.028425
0.056623
0.047879
0.094683
0.038288
0.044886
0.039185
0.076250
0.038627
0.033070
0.038117
0.041626
0.032642
0.034135
0.063379
0.042231
0.028923
0.047821
0.054018
0.048482
0.066999
0.043969
0.029838
0.046616
0.106171
0.058339
0.027102
0.037576
0.040921
0.029039
0.049204
0.062647
0.044404
0.033050
0.057442
0.070811
0.029712
0.040963
0.060800
0.039572
0.019943
0.095809
0.017399
0.034786
0.040646
0.042953
0.057244
0.035983
0.040441
0.039365
0.030669
0.038008
0.076419
0.026525
0.035320
0.020946
0.020164
0.052257
0.052474
0.046075
0.069441
0.064437
0.053549
0.029660
0.038486
0.024306
0.050136
0.023224
0.115135
0.061854
0.031869
0.044581
0.052120
0.048163
0.033511
0.104343
0.058957
0.039548
0.026672
0.036419
0.139381
0.066045
0.044117
0.026977
0.048320
0.020126
0.020733
0.038982
0.032604
0.065038
0.054039
0.063712
0.070264
0.058545
0.045528
0.047040
0.027892
0.037645
0.028742
0.038576
0.047332
0.039211
0.044984
0.031923
0.040023
0.031403
0.046257
0.045058
0.051700
0.017045
0.045957
0.038514
0.025004
0.058516
0.035548
0.033613
0.040529
0.027204
0.056633
0.032408
0.045395
0.060988
0.061111
0.146259
0.076433
0.021911
0.027764
0.043815
0.025600
0.047501
0.042462
0.042159
0.067133
0.095034
0.039122
0.024796
0.047238
0.055302
0.071434
0.021802
0.053374
0.027786
0.025525
0.042739
0.041125
0.047842
0.038415
0.015268
0.051631
0.019445
0.024371
0.065199
0.057396
0.041108
0.084829
0.036414
0.041525
0.063067
0.039744
0.041767
0.031229
0.029373
0.057833
0.033835
0.062625
0.050656
0.033515
0.055420
0.034637
0.046142
0.028240
0.050598
0.033302
0.040215
0.053569
0.043432
0.036391
0.095199
0.066240
0.067989
0.019838
0.061157
0.066980
0.056691
0.110143
0.029274
0.043095
0.031746
0.047138
0.049259
0.055535
0.070359
0.045644
0.042846
0.046254
0.041242
0.024413
0.059258
0.030973
0.086063
0.047735
0.076772
0.039476
0.039840
0.045473
0.011679
0.035502
0.043907
0.057518
0.023705
0.038521
0.032757
0.061098
0.039298
0.017223
0.053111
0.030472
0.039025
0.035515
0.049234
0.031736
0.045941
0.066317
0.043098
0.023305
0.046782
0.062291
0.062970
0.014336
0.115473
0.005685
0.019947
0.044921
0.042351
0.039838
0.032511
0.060974
0.058436
0.054696
0.025951
0.026754
0.048441
0.047594
0.046810
0.047904
0.016110
0.032959
0.038556
0.020153
0.028653
0.055901
0.022196
0.022625
0.022074
0.054035
0.037383
0.025480
0.044098
0.043911
0.017015
0.051460
0.050765
0.055610
0.044943
0.032350
0.039464
0.039693
0.052985
0.038194
0.067195
0.022236
0.042255
0.034192
0.078990
0.056204
0.044336
0.039924
0.056035
0.037425
0.039287
0.042160
0.022358
0.038266
0.036930
0.072256
0.076125
0.033787
0.035494
0.060587
0.034298
0.029017
0.043228
0.031661
0.019958
0.042318
0.024999
0.039413
0.025314
0.046705
0.056922
0.039361
0.083689
0.038980
0.046346
0.071396
0.065641
0.037087
0.050314
0.060882
0.028475
0.041893
0.033481
0.055903
0.072535
0.036557
0.031046
0.024498
0.053218
0.051039
0.064765
0.025508
0.028008
0.023051
0.041280
0.032281
0.042952
0.029406
0.021400
0.041410
0.025535
0.069116
0.049922
0.043451
0.032677
0.041398
0.032362
0.057634
0.030459
0.033072
0.075761
0.044743
0.065217
0.044470
0.037869
0.024807
0.022169
0.056618
0.047796
0.043495
0.057285
0.021081
0.034162
0.032180
0.013115
0.034518
0.032690
0.036427
0.026630
0.033365
0.044827
0.023490
0.049774
0.044720
0.043133
0.090816
0.056414
0.116859
0.062735
0.034073
0.047924
0.016538
0.059220
0.048781
0.035837
0.036525
0.059664
0.030596
0.047178
0.032164
0.041139
0.032357
0.048582
0.054280
0.049016
0.042569
0.043602
0.112402
0.055096
0.053139
0.050017
0.048336
0.056379
0.028582
0.048589
0.104873
0.055437
0.071932
0.065860
0.021717
0.054307
0.024233
0.048448
0.056640
0.086870
0.044806
0.047536
0.030528
0.050717
0.065691
0.038780
0.068782
0.047242
0.049141
0.022001
0.029404
0.026434
0.026457
0.054841
0.033448
0.039193
0.052834
0.059767
0.052224
0.020240
0.024701
0.068377
0.062655
0.045310
0.041169
0.039763
0.035805
0.045394
0.062657
0.048081
0.041109
0.023616
0.046677
0.039437
0.033007
0.042857
0.032956
0.032223
0.044165
0.016431
0.017480
0.026492
0.058065
0.027836
0.039181
0.050805
0.053480
0.048208
0.068009
0.040127
0.042363
0.060693
0.052099
0.070849
0.081751
0.081271
0.056204
0.039069
0.059133
0.021320
0.032996
0.044141
0.039197
0.034914
0.059879
0.032740
0.059508
0.042755
0.043622
0.042087
0.015397
0.046319
0.031515
0.133058
0.030019
0.039416
0.017798
0.035581
0.064658
0.019274
0.066384
0.065530
0.027857
0.050231
0.069842
0.016953
0.054058
0.043819
0.041978
0.039859
0.038834
0.030259
0.036678
0.020851
0.070244
0.044176
0.057571
0.039029
0.035942
0.037593
0.042135
0.044803
0.034699
0.040179
0.046403
0.066982
0.053852
0.030501
0.036287
0.053814
0.036122
0.049366
0.031939
0.039702
0.019460
0.039909
0.032843
0.083394
0.028456
0.047827
0.062241
0.045606
0.053497
0.043000
0.066952
0.044191
0.088874
0.043736
0.059756
0.053946
0.026294
0.036265
0.043685
0.031697
0.023497
0.069360
0.037860
0.029587
0.044605
0.054822
0.049430
0.027925
0.024593
0.056075
0.046831
0.075089
0.072152
0.033554
0.037167
0.056834
0.031074
0.031923
0.033400
0.058816
0.032961
0.031678
0.044410
0.022507
0.034369
0.022851
0.041965
0.053265
0.066270
0.067299
0.059181
0.045214
0.052407
0.029577
0.049009
0.111954
0.025332
0.062925
0.031514
0.035100
0.020177
0.064128
0.055348
0.035666
0.050491
0.058120
0.042213
0.034474
0.062696
0.043697
0.037246
0.045496
0.037260
0.046893
0.037633
0.031579
0.047578
0.056417
0.016930
0.054421
0.054902
0.054562
0.029064
0.060515
0.059550
0.063138
0.047123
0.051836
0.053642
0.043291
0.052646
0.032418
0.056046
0.061991
0.046199
0.032403
0.059177
0.036996
0.039407
0.021079
0.019889
0.042846
0.038450
0.037411
0.047818
0.022081
0.034980
0.053973
0.065870
0.023734
0.071182
0.030850
0.022503
0.026012
0.020235
0.046377
0.016280
0.063929
0.058659
0.062016
0.053691
0.044845
0.044665
0.035534
0.044101
0.037172
0.034346
0.035147
0.035515
0.028704
0.061500
0.027366
0.029544
0.038431
0.036504
0.042806
0.054626
0.037026
0.033796
0.057318
0.052017
0.041408
0.052290
0.061494
0.062111
0.077578
0.052385
0.062987
0.077796
0.034778
0.057273
0.023480
0.032589
0.016849
0.026888
0.020817
0.032569
0.038505
0.054690
0.040924
0.027532
0.039879
0.029734
0.052085
0.069081
0.044318
0.032295
0.065675
0.047395
0.047239
0.057340
0.029707
0.074581
0.062615
0.084676
0.028682
0.030974
0.043203
0.020154
0.072678
0.045710
0.028834
0.044405
0.049880
0.038901
0.043824
0.045317
0.041511
0.034024
0.039572
0.022472
0.029259
0.125383
0.016099
0.058666
0.102440
0.017489
0.038239
0.033749
0.016540
0.045773
0.059530
0.033426
0.052315
0.025450
0.034982
0.034580
0.037762
0.044583
0.032172
0.035866
0.053413
0.056785
0.026699
0.053135
0.057791
0.032216
0.053180
0.041756
0.049967
0.035950
0.041654
0.044695
0.047962
0.046229
0.020353
0.061323
0.083926
0.041797
0.047620
0.072577
0.055922
0.060288
0.077841
0.054583
0.043230
0.053403
0.050661
0.083950
0.096597
0.019641
0.040064
0.048703
0.027393
0.045535
0.044089
0.038723
0.043919
0.051022
0.042164
0.029042
0.051364
0.033949
0.032846
0.052364
0.060446
0.039288
0.036684
0.040226
0.036199
0.089230
0.024265
0.049355
0.041994
0.063608
0.054707
0.054108
0.048239
